1,1,1689.0,385.0,146.62,332.71,67.567,-1,-1,-1
1,2,1303.0,503.0,61.514,139.59,29.439,-1,-1,-1
1,3,1258.0,569.0,40.123,91.049,19.601,-1,-1,-1
1,4,31.0,525.0,113.37,257.27,17.013,-1,-1,-1
1,5,1800.0,483.0,94.66,214.81,11.949,-1,-1,-1
2,1,1688.69,384.645,146.62,332.71,66.725,-1,-1,-1
2,2,1312.243,503.205,61.514,139.59,36.614,-1,-1,-1
2,3,1254.0,537.0,52.0,118.0,15.979,-1,-1,-1
2,4,54.67,541.595,94.66,214.81,9.3326,-1,-1,-1
2,5,1744.29,475.97,123.42,280.06,16.976,-1,-1,-1
2,6,1641.0,494.0,40.123,91.049,6.0638,-1,-1,-1
3,1,1674.29,411.355,135.42,307.29,31.198,-1,-1,-1
3,2,1312.243,503.205,61.514,139.59,30.007,-1,-1,-1
3,3,1232.415,435.935,103.17,234.13,12.991,-1,-1,-1
3,4,53.081,553.34,87.838,199.32,3.7319,-1,-1,-1
3,5,1747.67,511.595,94.66,214.81,64.803,-1,-1,-1
3,7,1776.0,473.0,113.37,257.27,14.299,-1,-1,-1
3,8,107.0,494.0,103.17,234.13,11.712,-1,-1,-1
4,1,1663.08,377.65,159.84,362.7,53.87,-1,-1,-1
4,2,1306.263,498.445,67.474,153.11,21.299,-1,-1,-1
4,4,57.041,565.325,79.918,181.35,3.316,-1,-1,-1
4,7,1759.315,473.365,113.37,257.27,34.214,-1,-1,-1
4,8,107.41499999999999,493.935,103.17,234.13,15.325,-1,-1,-1
4,9,1852.0,505.0,30.903,70.127,24.793,-1,-1,-1
5,1,1649.08,389.65,159.84,362.7,11.573,-1,-1,-1
5,2,1316.0,530.0,52.0,118.0,25.687,-1,-1,-1
5,7,1706.08,387.65,159.84,362.7,52.074,-1,-1,-1
5,9,1847.5485,504.9365,30.903,70.127,36.829,-1,-1,-1
6,1,1657.69,395.645,146.62,332.71,52.587,-1,-1,-1
6,2,1317.0,537.0,52.0,118.0,30.132,-1,-1,-1
6,7,1732.315,456.365,113.37,257.27,29.672,-1,-1,-1
6,9,1848.849,508.888,28.302,64.224,35.023,-1,-1,-1
6,10,1333.0,498.0,56.686,128.63,30.194,-1,-1,-1
6,11,107.0,494.0,103.17,234.13,20.212,-1,-1,-1
7,1,1657.08,375.65,159.84,362.7,49.716,-1,-1,-1
7,2,1313.263,507.445,67.474,153.11,28.89,-1,-1,-1
7,9,1848.849,509.888,28.302,64.224,35.359,-1,-1,-1
7,10,1350.657,505.685,56.686,128.63,10.428,-1,-1,-1
7,11,158.9385,550.4755,40.123,91.049,7.9165,-1,-1,-1
7,12,1263.0,545.0,47.794,108.46,4.7235,-1,-1,-1
8,1,1661.08,372.65,159.84,362.7,50.69,-1,-1,-1
8,2,1319.243,505.205,61.514,139.59,38.787,-1,-1,-1
8,9,1847.5485,505.9365,30.903,70.127,24.904,-1,-1,-1
8,11,124.41499999999999,488.935,103.17,234.13,15.789,-1,-1,-1
8,13,257.0,455.0,113.37,257.27,10.617,-1,-1,-1
9,1,1666.69,385.645,146.62,332.71,59.031,-1,-1,-1
9,2,1321.263,493.445,67.474,153.11,41.687,-1,-1,-1
9,9,1847.5485,505.9365,30.903,70.127,30.606,-1,-1,-1
9,11,144.0,531.0,52.0,118.0,17.685,-1,-1,-1
9,13,266.415,462.935,103.17,234.13,13.241,-1,-1,-1
9,14,1727.0,418.0,135.42,307.29,25.474,-1,-1,-1
9,15,1274.0,551.0,43.624,98.993,14.674,-1,-1,-1
10,1,1675.69,384.645,146.62,332.71,64.395,-1,-1,-1
10,2,1324.263,494.445,67.474,153.11,44.719,-1,-1,-1
10,9,1848.849,509.888,28.302,64.224,8.1416,-1,-1,-1
10,11,142.657,516.685,56.686,128.63,17.341,-1,-1,-1
10,13,266.415,462.935,103.17,234.13,16.724,-1,-1,-1
10,15,1278.103,544.77,47.794,108.46,11.888,-1,-1,-1
11,1,1681.69,383.645,146.62,332.71,58.138,-1,-1,-1
11,2,1326.263,495.445,67.474,153.11,38.028,-1,-1,-1
11,9,1828.67,402.595,94.66,214.81,3.7102,-1,-1,-1
11,13,266.415,462.935,103.17,234.13,13.404,-1,-1,-1
11,15,1278.103,544.77,47.794,108.46,10.318,-1,-1,-1
11,16,171.0,481.0,26.0,59.0,6.3,-1,-1,-1
12,1,1685.69,391.645,146.62,332.71,51.907,-1,-1,-1
12,2,1326.068,488.195,73.864,167.61,39.416,-1,-1,-1
12,9,1831.415,369.935,103.17,234.13,8.3539,-1,-1,-1
12,16,-6.724999999999994,289.63,207.45,470.74,13.35,-1,-1,-1
12,17,1619.0,396.0,159.84,362.7,0.28414,-1,-1,-1
13,1,1688.69,389.645,146.62,332.71,54.748,-1,-1,-1
13,2,1328.068,488.195,73.864,167.61,35.028,-1,-1,-1
13,17,1642.69,407.645,146.62,332.71,28.729,-1,-1,-1
13,18,151.0,501.0,28.302,64.224,15.713,-1,-1,-1
13,19,1286.0,545.0,47.794,108.46,12.469,-1,-1,-1
13,20,1867.0,391.0,30.903,70.127,4.4389,-1,-1,-1
14,1,1679.08,373.65,159.84,362.7,53.078,-1,-1,-1
14,2,1329.068,488.195,73.864,167.61,34.284,-1,-1,-1
14,17,1625.08,394.65,159.84,362.7,15.437,-1,-1,-1
14,18,-51.41499999999999,253.70999999999998,270.83,614.58,17.787,-1,-1,-1
14,20,1866.5485,390.9365,30.903,70.127,7.0697,-1,-1,-1
14,21,1717.0,396.0,159.84,362.7,23.699,-1,-1,-1
15,1,1676.08,372.65,159.84,362.7,56.775,-1,-1,-1
15,2,1335.263,497.445,67.474,153.11,36.203,-1,-1,-1
15,17,1619.08,395.65,159.84,362.7,7.1656,-1,-1,-1
15,18,-52.41499999999999,253.70999999999998,270.83,614.58,25.027,-1,-1,-1
15,20,1868.0,394.5,26.0,59.0,4.8067,-1,-1,-1
15,22,1825.0,535.0,33.737,76.557,40.166,-1,-1,-1
16,1,1673.08,371.65,159.84,362.7,58.304,-1,-1,-1
16,2,1337.263,498.445,67.474,153.11,44.973,-1,-1,-1
16,17,1617.08,396.65,159.84,362.7,10.224,-1,-1,-1
16,18,-52.41499999999999,253.70999999999998,270.83,614.58,39.898,-1,-1,-1
16,22,1833.6385,532.3335,36.723,83.333,49.653,-1,-1,-1
16,23,1320.0,462.0,30.903,70.127,1.3394,-1,-1,-1
17,1,1674.69,385.645,146.62,332.71,65.522,-1,-1,-1
17,2,1338.263,499.445,67.474,153.11,46.265,-1,-1,-1
17,18,-52.41499999999999,253.70999999999998,270.83,614.58,34.544,-1,-1,-1
17,22,1733.69,407.645,146.62,332.71,38.159,-1,-1,-1
18,1,1670.69,393.645,146.62,332.71,66.036,-1,-1,-1
18,2,1345.243,505.205,61.514,139.59,33.671,-1,-1,-1
18,18,-52.41499999999999,253.70999999999998,270.83,614.58,44.021,-1,-1,-1
18,24,1594.0,396.0,159.84,362.7,22.94,-1,-1,-1
18,25,1836.0,541.0,33.737,76.557,21.944,-1,-1,-1
18,26,1295.0,461.0,87.838,199.32,17.9,-1,-1,-1
19,1,1667.69,399.645,146.62,332.71,64.738,-1,-1,-1
19,2,1348.243,504.205,61.514,139.59,39.45,-1,-1,-1
19,18,-52.41499999999999,253.70999999999998,270.83,614.58,56.379,-1,-1,-1
19,24,1594.08,395.65,159.84,362.7,19.526,-1,-1,-1
19,25,1836.1315,540.7215,33.737,76.557,16.959,-1,-1,-1
19,26,1290.67,453.595,94.66,214.81,9.9689,-1,-1,-1
20,1,1653.08,381.65,159.84,362.7,63.715,-1,-1,-1
20,2,1346.068,490.195,73.864,167.61,31.0,-1,-1,-1
20,18,-52.41499999999999,253.70999999999998,270.83,614.58,52.829,-1,-1,-1
20,24,1594.08,395.65,159.84,362.7,31.013,-1,-1,-1
20,25,1837.5485,542.9365,30.903,70.127,11.683,-1,-1,-1
20,26,1303.081,469.34000000000003,87.838,199.32,20.751,-1,-1,-1
21,1,1647.08,378.65,159.84,362.7,63.111,-1,-1,-1
21,2,1349.068,490.195,73.864,167.61,39.327,-1,-1,-1
21,18,-52.41499999999999,253.70999999999998,270.83,614.58,55.834,-1,-1,-1
21,24,1594.08,395.65,159.84,362.7,33.805,-1,-1,-1
21,25,1719.08,395.65,159.84,362.7,30.437,-1,-1,-1
21,26,1308.081,474.34000000000003,87.838,199.32,13.999,-1,-1,-1
22,1,1643.08,384.65,159.84,362.7,69.866,-1,-1,-1
22,2,1351.068,490.195,73.864,167.61,36.897,-1,-1,-1
22,18,-52.41499999999999,253.70999999999998,270.83,614.58,52.643,-1,-1,-1
22,24,1594.08,380.65,159.84,362.7,24.467,-1,-1,-1
22,26,1315.041,475.325,79.918,181.35,16.32,-1,-1,-1
22,27,1792.0,456.0,73.864,167.61,21.708,-1,-1,-1
22,28,298.0,463.0,103.17,234.13,9.1896,-1,-1,-1
23,1,1635.16,362.675,175.68,398.65,71.576,-1,-1,-1
23,2,1352.068,490.195,73.864,167.61,33.171,-1,-1,-1
23,18,-52.41499999999999,253.70999999999998,270.83,614.58,55.724,-1,-1,-1
23,24,1588.16,370.675,175.68,398.65,30.184,-1,-1,-1
23,26,1318.068,474.195,73.864,167.61,11.149,-1,-1,-1
23,27,1792.068,456.195,73.864,167.61,17.312,-1,-1,-1
24,1,1650.08,377.65,159.84,362.7,32.518,-1,-1,-1
24,2,1352.068,490.195,73.864,167.61,35.903,-1,-1,-1
24,18,-52.41499999999999,253.70999999999998,270.83,614.58,48.298,-1,-1,-1
24,24,1608.08,391.65,159.84,362.7,74.939,-1,-1,-1
24,26,1323.068,475.195,73.864,167.61,25.98,-1,-1,-1
24,27,1802.243,473.205,61.514,139.59,11.826,-1,-1,-1
25,1,1656.08,374.65,159.84,362.7,30.144,-1,-1,-1
25,2,1352.068,490.195,73.864,167.61,36.734,-1,-1,-1
25,18,-36.41499999999999,253.70999999999998,270.83,614.58,34.067,-1,-1,-1
25,24,1615.08,393.65,159.84,362.7,77.047,-1,-1,-1
25,26,1326.068,476.195,73.864,167.61,26.27,-1,-1,-1
25,27,1813.1315,525.7215,33.737,76.557,13.281,-1,-1,-1
25,29,1840.0,532.0,36.723,83.333,28.766,-1,-1,-1
25,30,1843.0,357.0,79.918,181.35,8.8267,-1,-1,-1
26,1,1661.08,372.65,159.84,362.7,19.606,-1,-1,-1
26,2,1352.068,490.195,73.864,167.61,35.431,-1,-1,-1
26,18,-39.41499999999999,253.70999999999998,270.83,614.58,14.007,-1,-1,-1
26,24,1619.08,394.65,159.84,362.7,69.991,-1,-1,-1
26,26,1328.068,476.195,73.864,167.61,25.202,-1,-1,-1
26,29,1835.0,556.5,26.0,59.0,31.706,-1,-1,-1
26,30,1843.041,357.325,79.918,181.35,8.3148,-1,-1,-1
26,31,312.0,500.0,30.903,70.127,11.29,-1,-1,-1
26,32,31.0,296.0,270.83,614.58,4.9139,-1,-1,-1
27,1,1660.16,363.675,175.68,398.65,18.886,-1,-1,-1
27,2,1352.068,490.195,73.864,167.61,37.041,-1,-1,-1
27,24,1616.16,367.675,175.68,398.65,70.678,-1,-1,-1
27,26,1329.068,477.195,73.864,167.61,21.989,-1,-1,-1
27,29,1832.0,556.5,26.0,59.0,26.431,-1,-1,-1
27,30,1835.041,357.325,79.918,181.35,9.6426,-1,-1,-1
27,32,106.69,563.645,146.62,332.71,6.6827,-1,-1,-1
27,33,1562.0,381.0,175.68,398.65,6.4058,-1,-1,-1
28,2,1351.068,490.195,73.864,167.61,36.827,-1,-1,-1
28,24,1619.16,361.675,175.68,398.65,82.014,-1,-1,-1
28,26,1318.081,461.34000000000003,87.838,199.32,14.938,-1,-1,-1
28,29,1805.0,502.0,52.0,118.0,14.481,-1,-1,-1
28,30,1831.041,357.325,79.918,181.35,16.904,-1,-1,-1
28,32,35.58500000000001,310.71,270.83,614.58,33.905,-1,-1,-1
29,2,1351.068,490.195,73.864,167.61,38.639,-1,-1,-1
29,24,1627.08,374.65,159.84,362.7,72.384,-1,-1,-1
29,26,1315.081,461.34000000000003,87.838,199.32,13.659,-1,-1,-1
29,29,1711.69,411.645,146.62,332.71,16.746,-1,-1,-1
29,30,1769.34,290.195,189.32,429.61,14.398,-1,-1,-1
29,32,30.585000000000008,254.70999999999998,270.83,614.58,27.667,-1,-1,-1
29,34,1569.0,396.0,159.84,362.7,18.852,-1,-1,-1
30,2,1345.041,482.325,79.918,181.35,46.891,-1,-1,-1
30,24,1620.16,353.675,175.68,398.65,65.412,-1,-1,-1
30,26,1297.415,438.935,103.17,234.13,11.718,-1,-1,-1
30,29,1745.243,511.205,61.514,139.59,8.6035,-1,-1,-1
30,30,1815.415,475.935,103.17,234.13,6.6077,-1,-1,-1
30,32,29.585000000000008,233.70999999999998,270.83,614.58,26.037,-1,-1,-1
30,34,1562.16,380.675,175.68,398.65,10.235,-1,-1,-1
30,35,1810.0,533.0,30.903,70.127,35.29,-1,-1,-1
31,2,1348.068,489.195,73.864,167.61,50.363,-1,-1,-1
31,24,1620.16,351.675,175.68,398.65,64.181,-1,-1,-1
31,26,1316.068,473.195,73.864,167.61,29.999,-1,-1,-1
31,30,1822.67,536.595,94.66,214.81,6.314,-1,-1,-1
31,32,28.585000000000008,226.70999999999998,270.83,614.58,14.004,-1,-1,-1
31,34,1562.16,380.675,175.68,398.65,8.5096,-1,-1,-1
31,35,1815.0,548.5,26.0,59.0,37.117,-1,-1,-1
31,36,1873.0,374.0,36.723,83.333,4.1767,-1,-1,-1
32,2,1348.068,489.195,73.864,167.61,56.174,-1,-1,-1
32,24,1626.08,377.65,159.84,362.7,68.372,-1,-1,-1
32,26,1308.081,458.34000000000003,87.838,199.32,16.652,-1,-1,-1
32,35,1710.69,423.645,146.62,332.71,21.87,-1,-1,-1
32,36,1752.275,288.63,207.45,470.74,33.244,-1,-1,-1
32,37,127.0,688.0,94.66,214.81,16.468,-1,-1,-1
33,2,1343.041,481.325,79.918,181.35,52.712,-1,-1,-1
33,24,1618.16,357.675,175.68,398.65,73.534,-1,-1,-1
33,26,1303.081,459.34000000000003,87.838,199.32,13.145,-1,-1,-1
33,35,1689.08,418.65,159.84,362.7,7.6878,-1,-1,-1
33,36,1752.275,289.63,207.45,470.74,41.951,-1,-1,-1
33,37,72.58500000000001,256.71,270.83,614.58,37.316,-1,-1,-1
34,2,1347.068,488.195,73.864,167.61,63.212,-1,-1,-1
34,24,1618.16,355.675,175.68,398.65,73.734,-1,-1,-1
34,26,1304.081,459.34000000000003,87.838,199.32,28.613,-1,-1,-1
34,35,1684.08,407.65,159.84,362.7,23.19,-1,-1,-1
34,36,1752.275,290.63,207.45,470.74,39.56,-1,-1,-1
34,37,72.58500000000001,253.70999999999998,270.83,614.58,23.081,-1,-1,-1
35,2,1348.068,489.195,73.864,167.61,61.084,-1,-1,-1
35,24,1618.16,354.675,175.68,398.65,79.855,-1,-1,-1
35,26,1305.081,460.34000000000003,87.838,199.32,26.288,-1,-1,-1
35,35,1667.16,384.675,175.68,398.65,43.711,-1,-1,-1
35,36,1752.275,290.63,207.45,470.74,35.54,-1,-1,-1
35,38,135.0,647.0,113.37,257.27,15.332,-1,-1,-1
36,2,1348.068,489.195,73.864,167.61,63.441,-1,-1,-1
36,24,1618.16,353.675,175.68,398.65,70.057,-1,-1,-1
36,26,1306.081,460.34000000000003,87.838,199.32,21.661,-1,-1,-1
36,35,1663.16,381.675,175.68,398.65,45.533,-1,-1,-1
36,36,1752.275,290.63,207.45,470.74,32.183,-1,-1,-1
36,38,145.041,712.325,79.918,181.35,15.604,-1,-1,-1
37,2,1348.068,489.195,73.864,167.61,65.47,-1,-1,-1
37,24,1617.16,352.675,175.68,398.65,70.38,-1,-1,-1
37,26,1319.0,517.0,52.0,118.0,22.581,-1,-1,-1
37,35,1661.16,380.675,175.68,398.65,46.659,-1,-1,-1
37,36,1752.275,290.63,207.45,470.74,31.266,-1,-1,-1
37,39,1332.0,463.0,33.737,76.557,11.161,-1,-1,-1
38,2,1348.068,489.195,73.864,167.61,59.666,-1,-1,-1
38,24,1617.16,352.675,175.68,398.65,68.337,-1,-1,-1
38,26,1303.081,473.34000000000003,87.838,199.32,18.842,-1,-1,-1
38,35,1660.16,379.675,175.68,398.65,46.271,-1,-1,-1
38,36,1752.275,290.63,207.45,470.74,34.966,-1,-1,-1
38,40,155.0,669.0,103.17,234.13,14.914,-1,-1,-1
38,41,100.0,490.0,113.37,257.27,6.2708,-1,-1,-1
39,2,1348.068,490.195,73.864,167.61,50.873,-1,-1,-1
39,24,1617.16,362.675,175.68,398.65,68.451,-1,-1,-1
39,26,1304.081,470.34000000000003,87.838,199.32,20.926,-1,-1,-1
39,36,1752.275,290.63,207.45,470.74,27.192,-1,-1,-1
39,41,100.315,490.365,113.37,257.27,11.688,-1,-1,-1
40,2,1349.068,490.195,73.864,167.61,56.938,-1,-1,-1
40,24,1614.34,350.195,189.32,429.61,69.024,-1,-1,-1
40,26,1318.0,524.0,52.0,118.0,25.53,-1,-1,-1
40,36,1752.275,290.63,207.45,470.74,27.79,-1,-1,-1
40,42,329.0,543.0,135.42,307.29,24.219,-1,-1,-1
41,2,1349.068,490.195,73.864,167.61,59.175,-1,-1,-1
41,24,1617.34,353.195,189.32,429.61,73.547,-1,-1,-1
41,26,1314.0,534.0,52.0,118.0,29.978,-1,-1,-1
41,36,1752.275,290.63,207.45,470.74,31.459,-1,-1,-1
41,42,332.69,542.645,146.62,332.71,24.89,-1,-1,-1
42,2,1349.068,490.195,73.864,167.61,56.873,-1,-1,-1
42,24,1620.34,355.195,189.32,429.61,70.72,-1,-1,-1
42,26,1299.081,485.34000000000003,87.838,199.32,15.074,-1,-1,-1
42,36,1752.275,290.63,207.45,470.74,36.56,-1,-1,-1
42,42,254.63,315.735,226.74,514.53,22.091,-1,-1,-1
42,43,1564.0,325.0,189.32,429.61,12.935,-1,-1,-1
43,2,1349.068,490.195,73.864,167.61,46.469,-1,-1,-1
43,24,1624.16,375.675,175.68,398.65,75.593,-1,-1,-1
43,26,1314.0,531.0,52.0,118.0,18.292,-1,-1,-1
43,36,1752.275,290.63,207.45,470.74,38.97,-1,-1,-1
43,42,247.0,257.345,250.0,567.31,20.603,-1,-1,-1
44,2,1349.068,490.195,73.864,167.61,50.829,-1,-1,-1
44,24,1609.34,360.195,189.32,429.61,80.576,-1,-1,-1
44,26,1300.081,481.34000000000003,87.838,199.32,12.268,-1,-1,-1
44,36,1740.63,273.735,226.74,514.53,36.619,-1,-1,-1
44,44,497.0,515.0,33.737,76.557,15.359,-1,-1,-1
45,2,1349.068,490.195,73.864,167.61,54.438,-1,-1,-1
45,24,1613.34,359.195,189.32,429.61,74.794,-1,-1,-1
45,26,1318.103,533.77,47.794,108.46,15.828,-1,-1,-1
45,36,1750.275,294.63,207.45,470.74,36.327,-1,-1,-1
45,45,1564.0,325.0,189.32,429.61,29.29,-1,-1,-1
46,2,1349.068,490.195,73.864,167.61,58.151,-1,-1,-1
46,24,1638.16,377.675,175.68,398.65,28.986,-1,-1,-1
46,26,1317.103,538.77,47.794,108.46,10.599,-1,-1,-1
46,36,1750.275,293.63,207.45,470.74,41.979,-1,-1,-1
46,45,1592.34,354.195,189.32,429.61,73.628,-1,-1,-1
46,46,512.0,494.0,33.737,76.557,18.692,-1,-1,-1
47,2,1349.068,490.195,73.864,167.61,54.048,-1,-1,-1
47,24,1652.16,379.675,175.68,398.65,25.357,-1,-1,-1
47,26,1301.081,483.34000000000003,87.838,199.32,16.058,-1,-1,-1
47,36,1739.63,275.735,226.74,514.53,43.154,-1,-1,-1
47,45,1593.34,354.195,189.32,429.61,66.649,-1,-1,-1
47,46,523.1315,488.7215,33.737,76.557,11.036,-1,-1,-1
47,47,338.0,519.0,159.84,362.7,27.682,-1,-1,-1
47,48,452.0,399.0,73.864,167.61,8.9042,-1,-1,-1
47,49,1378.0,510.0,67.474,153.11,7.3104,-1,-1,-1
48,2,1349.068,490.195,73.864,167.61,54.639,-1,-1,-1
48,24,1662.16,371.675,175.68,398.65,20.951,-1,-1,-1
48,26,1304.081,475.34000000000003,87.838,199.32,14.046,-1,-1,-1
48,36,1738.63,278.735,226.74,514.53,44.187,-1,-1,-1
48,45,1593.34,354.195,189.32,429.61,63.243,-1,-1,-1
48,48,323.58500000000004,253.70999999999998,270.83,614.58,12.144,-1,-1,-1
49,2,1349.068,490.195,73.864,167.61,56.656,-1,-1,-1
49,24,1669.16,364.675,175.68,398.65,24.656,-1,-1,-1
49,26,1306.081,468.34000000000003,87.838,199.32,14.792,-1,-1,-1
49,36,1749.275,297.63,207.45,470.74,43.303,-1,-1,-1
49,45,1593.34,354.195,189.32,429.61,69.067,-1,-1,-1
49,48,335.0,250.34500000000003,250.0,567.31,17.948,-1,-1,-1
49,50,107.0,494.0,103.17,234.13,14.107,-1,-1,-1
50,2,1349.068,490.195,73.864,167.61,49.767,-1,-1,-1
50,24,1674.16,369.675,175.68,398.65,27.052,-1,-1,-1
50,26,1323.103,522.77,47.794,108.46,18.745,-1,-1,-1
50,36,1738.63,278.735,226.74,514.53,36.585,-1,-1,-1
50,45,1593.34,354.195,189.32,429.61,69.552,-1,-1,-1
50,48,361.0,262.345,250.0,567.31,10.759,-1,-1,-1
51,2,1349.068,490.195,73.864,167.61,44.878,-1,-1,-1
51,24,1667.16,373.675,175.68,398.65,39.4,-1,-1,-1
51,26,1305.081,471.34000000000003,87.838,199.32,13.649,-1,-1,-1
51,36,1737.63,280.735,226.74,514.53,37.965,-1,-1,-1
51,45,1578.34,354.195,189.32,429.61,68.85,-1,-1,-1
52,2,1349.068,490.195,73.864,167.61,49.451,-1,-1,-1
52,24,1670.16,376.675,175.68,398.65,22.06,-1,-1,-1
52,26,1322.103,525.77,47.794,108.46,16.975,-1,-1,-1
52,36,1736.63,282.735,226.74,514.53,38.206,-1,-1,-1
52,45,1583.34,354.195,189.32,429.61,60.967,-1,-1,-1
53,2,1349.068,490.195,73.864,167.61,55.381,-1,-1,-1
53,24,1661.34,370.195,189.32,429.61,15.7,-1,-1,-1
53,26,1319.103,532.77,47.794,108.46,16.196,-1,-1,-1
53,36,1736.63,283.735,226.74,514.53,30.074,-1,-1,-1
53,45,1586.34,354.195,189.32,429.61,57.805,-1,-1,-1
53,51,556.0,437.0,56.686,128.63,10.583,-1,-1,-1
54,2,1349.068,490.195,73.864,167.61,51.86,-1,-1,-1
54,24,1659.34,376.195,189.32,429.61,19.852,-1,-1,-1
54,26,1302.081,479.34000000000003,87.838,199.32,11.447,-1,-1,-1
54,36,1736.63,284.735,226.74,514.53,40.997,-1,-1,-1
54,45,1588.34,354.195,189.32,429.61,59.841,-1,-1,-1
54,52,13.0,490.0,113.37,257.27,15.203,-1,-1,-1
54,53,107.0,494.0,103.17,234.13,13.594,-1,-1,-1
55,2,1349.068,490.195,73.864,167.61,48.271,-1,-1,-1
55,24,1646.34,370.195,189.32,429.61,47.883,-1,-1,-1
55,26,1304.081,472.34000000000003,87.838,199.32,14.39,-1,-1,-1
55,36,1736.63,284.735,226.74,514.53,43.223,-1,-1,-1
55,45,1559.275,328.63,207.45,470.74,58.095,-1,-1,-1
55,52,13.314999999999998,490.365,113.37,257.27,8.2008,-1,-1,-1
55,53,107.41499999999999,493.935,103.17,234.13,12.818,-1,-1,-1
55,54,582.0,498.0,146.62,332.71,22.641,-1,-1,-1
56,2,1349.068,490.195,73.864,167.61,49.125,-1,-1,-1
56,24,1648.16,394.675,175.68,398.65,11.498,-1,-1,-1
56,26,1306.081,467.34000000000003,87.838,199.32,14.651,-1,-1,-1
56,36,1723.63,284.735,226.74,514.53,46.551,-1,-1,-1
56,45,1564.34,350.195,189.32,429.61,60.119,-1,-1,-1
56,53,93.67,519.595,94.66,214.81,1.2627,-1,-1,-1
56,54,581.69,497.645,146.62,332.71,27.147,-1,-1,-1
57,2,1349.068,490.195,73.864,167.61,46.852,-1,-1,-1
57,24,1632.34,382.195,189.32,429.61,17.515,-1,-1,-1
57,26,1307.081,463.34000000000003,87.838,199.32,15.699,-1,-1,-1
57,36,1713.63,284.735,226.74,514.53,40.341,-1,-1,-1
57,45,1561.34,351.195,189.32,429.61,61.475,-1,-1,-1
57,54,581.29,518.355,135.42,307.29,42.276,-1,-1,-1
58,2,1349.068,490.195,73.864,167.61,48.833,-1,-1,-1
58,24,1636.34,384.195,189.32,429.61,9.3629,-1,-1,-1
58,26,1308.081,460.34000000000003,87.838,199.32,15.963,-1,-1,-1
58,36,1718.63,284.735,226.74,514.53,48.702,-1,-1,-1
58,45,1549.34,341.195,189.32,429.61,13.127,-1,-1,-1
58,54,597.29,546.97,123.42,280.06,24.186,-1,-1,-1
58,55,1593.0,354.0,189.32,429.61,44.318,-1,-1,-1
58,56,107.0,494.0,103.17,234.13,11.479,-1,-1,-1
58,57,33.0,495.0,123.42,280.06,9.878,-1,-1,-1
59,2,1349.068,490.195,73.864,167.61,50.529,-1,-1,-1
59,24,1629.34,375.195,189.32,429.61,41.522,-1,-1,-1
59,26,1309.081,459.34000000000003,87.838,199.32,15.087,-1,-1,-1
59,36,1723.63,284.735,226.74,514.53,52.273,-1,-1,-1
59,45,1532.275,330.63,207.45,470.74,39.826,-1,-1,-1
59,57,13.314999999999998,490.365,113.37,257.27,8.4388,-1,-1,-1
59,58,1378.0,510.0,67.474,153.11,15.88,-1,-1,-1
60,2,1349.068,490.195,73.864,167.61,48.119,-1,-1,-1
60,24,1624.34,368.195,189.32,429.61,32.633,-1,-1,-1
60,26,1324.103,517.77,47.794,108.46,14.856,-1,-1,-1
60,36,1715.63,284.735,226.74,514.53,49.047,-1,-1,-1
60,45,1526.275,338.63,207.45,470.74,41.755,-1,-1,-1
60,59,532.0,213.0,270.83,614.58,17.771,-1,-1,-1
60,60,377.0,447.0,103.17,234.13,5.1623,-1,-1,-1
61,2,1349.068,490.195,73.864,167.61,46.722,-1,-1,-1
61,24,1621.34,362.195,189.32,429.61,24.336,-1,-1,-1
61,26,1320.103,528.77,47.794,108.46,6.5042,-1,-1,-1
61,36,1709.63,283.735,226.74,514.53,50.716,-1,-1,-1
61,45,1559.29,463.97,123.42,280.06,53.015,-1,-1,-1
61,59,528.0,236.34500000000003,250.0,567.31,10.415,-1,-1,-1
61,60,392.415,462.935,103.17,234.13,15.025,-1,-1,-1
61,61,113.0,513.0,94.66,214.81,14.221,-1,-1,-1
61,62,1378.0,510.0,67.474,153.11,13.566,-1,-1,-1
61,63,616.0,748.0,40.123,91.049,12.186,-1,-1,-1
62,2,1349.068,490.195,73.864,167.61,44.681,-1,-1,-1
62,24,1619.34,358.195,189.32,429.61,21.698,-1,-1,-1
62,26,1317.103,536.77,47.794,108.46,11.558,-1,-1,-1
62,36,1704.63,283.735,226.74,514.53,53.216,-1,-1,-1
62,45,1553.29,487.97,123.42,280.06,48.648,-1,-1,-1
62,59,553.0,236.34500000000003,250.0,567.31,19.586,-1,-1,-1
62,60,382.415,462.935,103.17,234.13,15.189,-1,-1,-1
62,64,898.0,524.0,43.624,98.993,6.6708,-1,-1,-1
62,65,1490.0,445.0,56.686,128.63,4.0755,-1,-1,-1
63,2,1348.041,482.325,79.918,181.35,47.674,-1,-1,-1
63,24,1602.275,341.63,207.45,470.74,26.562,-1,-1,-1
63,26,1300.081,483.34000000000003,87.838,199.32,18.725,-1,-1,-1
63,36,1701.63,283.735,226.74,514.53,54.974,-1,-1,-1
63,45,1513.275,374.63,207.45,470.74,57.984,-1,-1,-1
63,59,566.0,236.34500000000003,250.0,567.31,24.716,-1,-1,-1
63,60,377.415,462.935,103.17,234.13,27.306,-1,-1,-1
63,64,905.9385,531.4755,40.123,91.049,2.4713,-1,-1,-1
64,2,1351.068,489.195,73.864,167.61,49.373,-1,-1,-1
64,24,1596.275,344.63,207.45,470.74,24.631,-1,-1,-1
64,26,1303.081,476.34000000000003,87.838,199.32,15.606,-1,-1,-1
64,36,1699.63,283.735,226.74,514.53,49.421,-1,-1,-1
64,45,1515.275,358.63,207.45,470.74,52.384,-1,-1,-1
64,59,571.0,236.34500000000003,250.0,567.31,22.315,-1,-1,-1
64,60,385.415,452.935,103.17,234.13,30.743,-1,-1,-1
64,66,28.0,510.0,103.17,234.13,2.807,-1,-1,-1
65,2,1351.068,489.195,73.864,167.61,52.873,-1,-1,-1
65,24,1608.34,371.195,189.32,429.61,16.76,-1,-1,-1
65,26,1305.081,470.34000000000003,87.838,199.32,16.362,-1,-1,-1
65,36,1698.63,283.735,226.74,514.53,51.194,-1,-1,-1
65,45,1562.315,493.365,113.37,257.27,63.039,-1,-1,-1
65,60,389.415,447.935,103.17,234.13,41.304,-1,-1,-1
65,67,796.0,741.0,28.302,64.224,17.651,-1,-1,-1
65,68,963.0,547.0,73.864,167.61,3.805,-1,-1,-1
66,2,1351.068,489.195,73.864,167.61,55.128,-1,-1,-1
66,24,1594.275,352.63,207.45,470.74,17.711,-1,-1,-1
66,26,1307.081,466.34000000000003,87.838,199.32,14.207,-1,-1,-1
66,36,1683.0,249.34500000000003,250.0,567.31,53.531,-1,-1,-1
66,45,1518.275,367.63,207.45,470.74,55.163,-1,-1,-1
66,60,392.415,444.935,103.17,234.13,35.628,-1,-1,-1
66,67,808.849,740.888,28.302,64.224,35.819,-1,-1,-1
66,69,1378.0,510.0,67.474,153.11,12.432,-1,-1,-1
67,2,1350.068,490.195,73.864,167.61,51.191,-1,-1,-1
67,24,1597.34,367.195,189.32,429.61,25.176,-1,-1,-1
67,26,1308.081,463.34000000000003,87.838,199.32,17.631,-1,-1,-1
67,36,1680.0,243.34500000000003,250.0,567.31,57.077,-1,-1,-1
67,45,1533.16,405.675,175.68,398.65,50.52,-1,-1,-1
67,60,401.415,443.935,103.17,234.13,40.889,-1,-1,-1
67,69,1378.263,510.445,67.474,153.11,19.623,-1,-1,-1
67,70,695.0,542.0,94.66,214.81,8.5794,-1,-1,-1
67,71,622.0,465.0,52.0,118.0,5.634,-1,-1,-1
68,2,1350.068,490.195,73.864,167.61,52.446,-1,-1,-1
68,24,1593.34,373.195,189.32,429.61,13.872,-1,-1,-1
68,26,1321.0,517.0,52.0,118.0,23.05,-1,-1,-1
68,36,1678.0,239.34500000000003,250.0,567.31,60.132,-1,-1,-1
68,45,1528.34,378.195,189.32,429.61,52.246,-1,-1,-1
68,60,406.415,443.935,103.17,234.13,30.968,-1,-1,-1
68,72,806.0,689.0,52.0,118.0,10.521,-1,-1,-1
68,73,963.0,547.0,73.864,167.61,6.9306,-1,-1,-1
69,2,1350.068,490.195,73.864,167.61,55.577,-1,-1,-1
69,24,1575.0,294.345,250.0,567.31,7.6019,-1,-1,-1
69,36,1677.0,236.34500000000003,250.0,567.31,56.741,-1,-1,-1
69,45,1522.275,354.63,207.45,470.74,48.02,-1,-1,-1
69,60,409.415,443.935,103.17,234.13,34.148,-1,-1,-1
69,72,689.63,284.735,226.74,514.53,17.747,-1,-1,-1
69,73,973.263,552.4449999999999,67.474,153.11,5.1368,-1,-1,-1
69,74,1378.0,510.0,67.474,153.11,17.703,-1,-1,-1
70,2,1349.068,490.195,73.864,167.61,57.865,-1,-1,-1
70,24,1589.63,306.735,226.74,514.53,14.12,-1,-1,-1
70,36,1677.0,234.34500000000003,250.0,567.31,60.489,-1,-1,-1
70,45,1524.275,352.63,207.45,470.74,44.15,-1,-1,-1
70,60,411.415,443.935,103.17,234.13,34.2,-1,-1,-1
70,72,769.315,498.365,113.37,257.27,17.79,-1,-1,-1
70,73,965.068,546.1949999999999,73.864,167.61,7.5641,-1,-1,-1
70,74,1378.263,510.445,67.474,153.11,20.07,-1,-1,-1
70,75,704.0,721.0,47.794,108.46,28.285,-1,-1,-1
70,76,678.0,447.0,103.17,234.13,21.164,-1,-1,-1
70,77,1308.0,461.0,87.838,199.32,17.379,-1,-1,-1
70,78,905.0,524.0,43.624,98.993,8.9111,-1,-1,-1
71,2,1343.041,482.325,79.918,181.35,52.208,-1,-1,-1
71,24,1585.275,323.63,207.45,470.74,16.511,-1,-1,-1
71,36,1677.0,233.34500000000003,250.0,567.31,51.283,-1,-1,-1
71,45,1514.275,351.63,207.45,470.74,55.605,-1,-1,-1
71,60,412.415,443.935,103.17,234.13,25.501,-1,-1,-1
71,72,799.263,627.4449999999999,67.474,153.11,25.087,-1,-1,-1
71,73,964.263,552.4449999999999,67.474,153.11,9.2812,-1,-1,-1
71,74,1380.243,514.205,61.514,139.59,25.706,-1,-1,-1
71,75,730.188,712.5035,43.624,98.993,24.94,-1,-1,-1
71,76,719.34,267.195,189.32,429.61,20.371,-1,-1,-1
71,77,1295.081,461.34000000000003,87.838,199.32,13.455,-1,-1,-1
71,79,229.0,483.0,94.66,214.81,12.649,-1,-1,-1
71,80,33.0,495.0,123.42,280.06,7.8718,-1,-1,-1
72,2,1347.068,489.195,73.864,167.61,60.777,-1,-1,-1
72,24,1574.275,320.63,207.45,470.74,13.36,-1,-1,-1
72,36,1677.0,232.34500000000003,250.0,567.31,44.7,-1,-1,-1
72,45,1506.275,350.63,207.45,470.74,48.581,-1,-1,-1
72,60,413.415,443.935,103.17,234.13,27.284,-1,-1,-1
72,72,777.29,566.97,123.42,280.06,20.283,-1,-1,-1
72,73,961.068,546.1949999999999,73.864,167.61,14.305,-1,-1,-1
72,75,748.188,707.5035,43.624,98.993,27.831,-1,-1,-1
72,76,720.34,266.195,189.32,429.61,28.292,-1,-1,-1
72,77,1311.0,531.0,52.0,118.0,26.063,-1,-1,-1
72,79,223.315,455.365,113.37,257.27,6.5599,-1,-1,-1
73,2,1347.068,489.195,73.864,167.61,58.908,-1,-1,-1
73,24,1566.275,318.63,207.45,470.74,13.018,-1,-1,-1
73,36,1677.0,232.34500000000003,250.0,567.31,47.731,-1,-1,-1
73,45,1500.275,350.63,207.45,470.74,62.77,-1,-1,-1
73,60,413.415,444.935,103.17,234.13,25.18,-1,-1,-1
73,76,722.275,253.63,207.45,470.74,43.658,-1,-1,-1
73,77,1310.0,545.0,52.0,118.0,26.707,-1,-1,-1
73,79,232.415,473.935,103.17,234.13,13.379,-1,-1,-1
73,81,14.0,476.0,123.42,280.06,6.632,-1,-1,-1
74,2,1348.068,489.195,73.864,167.61,57.214,-1,-1,-1
74,24,1562.0,269.345,250.0,567.31,18.574,-1,-1,-1
74,36,1678.0,232.34500000000003,250.0,567.31,54.12,-1,-1,-1
74,45,1496.275,350.63,207.45,470.74,54.52,-1,-1,-1
74,60,413.415,444.935,103.17,234.13,27.553,-1,-1,-1
74,76,744.34,270.195,189.32,429.61,20.146,-1,-1,-1
74,77,1310.0,550.0,52.0,118.0,19.948,-1,-1,-1
74,81,14.29,475.97,123.42,280.06,6.1155,-1,-1,-1
74,82,794.0,533.0,123.42,280.06,51.346,-1,-1,-1
75,2,1348.068,490.195,73.864,167.61,55.082,-1,-1,-1
75,24,1577.0,269.345,250.0,567.31,16.21,-1,-1,-1
75,36,1678.0,233.34500000000003,250.0,567.31,48.682,-1,-1,-1
75,45,1505.275,350.63,207.45,470.74,53.124,-1,-1,-1
75,60,411.315,434.365,113.37,257.27,18.711,-1,-1,-1
75,76,784.29,309.355,135.42,307.29,4.2308,-1,-1,-1
75,77,1301.081,486.34000000000003,87.838,199.32,24.026,-1,-1,-1
75,81,15.314999999999998,489.365,113.37,257.27,10.481,-1,-1,-1
75,82,799.315,542.365,113.37,257.27,51.444,-1,-1,-1
75,83,851.0,514.0,123.42,280.06,19.288,-1,-1,-1
75,84,1378.0,510.0,67.474,153.11,15.909,-1,-1,-1
75,85,1464.0,322.0,207.45,470.74,12.848,-1,-1,-1
75,86,250.0,463.0,103.17,234.13,9.7202,-1,-1,-1
76,2,1343.041,482.325,79.918,181.35,52.688,-1,-1,-1
76,24,1588.0,270.345,250.0,567.31,20.051,-1,-1,-1
76,36,1678.0,234.34500000000003,250.0,567.31,52.194,-1,-1,-1
76,45,1501.275,351.63,207.45,470.74,56.419,-1,-1,-1
76,60,420.415,445.935,103.17,234.13,28.749,-1,-1,-1
76,76,754.63,241.735,226.74,514.53,48.511,-1,-1,-1
76,77,1316.0,536.0,52.0,118.0,18.269,-1,-1,-1
76,81,12.29,476.97,123.42,280.06,2.531,-1,-1,-1
76,84,1379.243,513.205,61.514,139.59,25.796,-1,-1,-1
76,86,250.415,477.935,103.17,234.13,15.159,-1,-1,-1
77,2,1347.068,489.195,73.864,167.61,62.12,-1,-1,-1
77,24,1589.63,290.735,226.74,514.53,0.22254,-1,-1,-1
77,36,1681.63,268.735,226.74,514.53,55.657,-1,-1,-1
77,45,1490.63,325.735,226.74,514.53,45.91,-1,-1,-1
77,60,417.415,446.935,103.17,234.13,24.071,-1,-1,-1
77,77,1314.0,541.0,52.0,118.0,21.03,-1,-1,-1
77,86,250.415,467.935,103.17,234.13,20.137,-1,-1,-1
77,87,809.0,627.0,79.918,181.35,32.412,-1,-1,-1
77,88,889.0,514.0,123.42,280.06,18.831,-1,-1,-1
78,2,1342.041,481.325,79.918,181.35,60.347,-1,-1,-1
78,24,1580.63,285.735,226.74,514.53,9.0378,-1,-1,-1
78,36,1674.63,274.735,226.74,514.53,55.654,-1,-1,-1
78,45,1490.63,321.735,226.74,514.53,52.439,-1,-1,-1
78,60,420.415,446.935,103.17,234.13,24.832,-1,-1,-1
78,77,1312.0,544.0,52.0,118.0,21.034,-1,-1,-1
78,87,808.081,609.34,87.838,199.32,26.347,-1,-1,-1
78,89,1372.0,490.0,73.864,167.61,27.658,-1,-1,-1
78,90,983.0,719.0,28.302,64.224,14.619,-1,-1,-1
78,91,14.0,476.0,123.42,280.06,13.551,-1,-1,-1
79,2,1341.041,481.325,79.918,181.35,55.981,-1,-1,-1
79,36,1654.0,259.345,250.0,567.31,50.001,-1,-1,-1
79,45,1490.63,319.735,226.74,514.53,53.253,-1,-1,-1
79,60,422.415,446.935,103.17,234.13,27.439,-1,-1,-1
79,77,1311.0,546.0,52.0,118.0,28.083,-1,-1,-1
79,87,810.0409999999999,616.325,79.918,181.35,15.097,-1,-1,-1
79,89,1372.068,490.195,73.864,167.61,26.066,-1,-1,-1
79,91,13.314999999999998,490.365,113.37,257.27,14.539,-1,-1,-1
79,92,250.0,463.0,103.17,234.13,18.77,-1,-1,-1
79,93,1887.0,533.0,26.0,59.0,6.7138,-1,-1,-1
79,94,1003.0,721.0,26.0,59.0,4.4641,-1,-1,-1
80,2,1345.068,489.195,73.864,167.61,59.736,-1,-1,-1
80,36,1647.0,267.345,250.0,567.31,58.485,-1,-1,-1
80,45,1490.63,317.735,226.74,514.53,73.294,-1,-1,-1
80,60,424.415,446.935,103.17,234.13,31.215,-1,-1,-1
80,77,1310.0,547.0,52.0,118.0,20.312,-1,-1,-1
80,89,1377.263,505.445,67.474,153.11,12.262,-1,-1,-1
80,91,12.29,476.97,123.42,280.06,11.245,-1,-1,-1
80,92,265.415,462.935,103.17,234.13,15.137,-1,-1,-1
80,94,1007.0,721.5,26.0,59.0,19.012,-1,-1,-1
81,2,1346.068,489.195,73.864,167.61,62.027,-1,-1,-1
81,36,1642.0,273.345,250.0,567.31,52.759,-1,-1,-1
81,45,1498.275,343.63,207.45,470.74,58.096,-1,-1,-1
81,60,425.415,446.935,103.17,234.13,17.403,-1,-1,-1
81,77,1310.0,548.0,52.0,118.0,23.394,-1,-1,-1
81,89,1384.34,398.195,189.32,429.61,10.063,-1,-1,-1
81,91,26.29,488.97,123.42,280.06,6.3708,-1,-1,-1
81,95,957.0,542.0,79.918,181.35,6.3476,-1,-1,-1
82,2,1347.068,489.195,73.864,167.61,57.958,-1,-1,-1
82,36,1639.0,277.345,250.0,567.31,51.195,-1,-1,-1
82,45,1476.63,319.735,226.74,514.53,61.074,-1,-1,-1
82,60,431.415,446.935,103.17,234.13,24.258,-1,-1,-1
82,77,1310.0,548.0,52.0,118.0,21.519,-1,-1,-1
82,96,1378.0,510.0,67.474,153.11,14.105,-1,-1,-1
83,2,1342.041,481.325,79.918,181.35,57.241,-1,-1,-1
83,36,1651.0,279.345,250.0,567.31,52.241,-1,-1,-1
83,45,1467.63,318.735,226.74,514.53,50.539,-1,-1,-1
83,60,430.315,436.365,113.37,257.27,20.242,-1,-1,-1
83,77,1310.0,548.0,52.0,118.0,26.763,-1,-1,-1
83,96,1372.068,490.195,73.864,167.61,29.715,-1,-1,-1
83,97,1603.0,236.0,250.0,567.31,28.591,-1,-1,-1
83,98,37.0,522.0,135.42,307.29,11.272,-1,-1,-1
83,99,1006.0,669.0,47.794,108.46,7.7248,-1,-1,-1
83,100,886.0,300.0,175.68,398.65,1.4016,-1,-1,-1
84,2,1341.041,481.325,79.918,181.35,52.942,-1,-1,-1
84,36,1724.29,478.97,123.42,280.06,36.784,-1,-1,-1
84,45,1461.63,317.735,226.74,514.53,51.585,-1,-1,-1
84,60,439.415,447.935,103.17,234.13,25.743,-1,-1,-1
84,77,1310.0,548.0,52.0,118.0,25.044,-1,-1,-1
84,96,1372.068,490.195,73.864,167.61,29.764,-1,-1,-1
84,97,1655.275,258.63,207.45,470.74,46.907,-1,-1,-1
84,100,888.275,289.63,207.45,470.74,18.901,-1,-1,-1
84,101,1895.0,524.0,30.903,70.127,22.665,-1,-1,-1
85,2,1340.041,481.325,79.918,181.35,51.109,-1,-1,-1
85,36,1732.29,521.97,123.42,280.06,22.306,-1,-1,-1
85,45,1465.275,343.63,207.45,470.74,67.638,-1,-1,-1
85,60,435.315,437.365,113.37,257.27,24.1,-1,-1,-1
85,77,1310.0,548.0,52.0,118.0,26.884,-1,-1,-1
85,96,1379.243,510.205,61.514,139.59,33.571,-1,-1,-1
85,97,1656.275,258.63,207.45,470.74,49.791,-1,-1,-1
85,100,888.275,289.63,207.45,470.74,46.124,-1,-1,-1
85,102,37.0,522.0,135.42,307.29,8.695,-1,-1,-1
86,2,1345.068,489.195,73.864,167.61,55.438,-1,-1,-1
86,36,1727.69,518.645,146.62,332.71,21.643,-1,-1,-1
86,45,1453.63,320.735,226.74,514.53,57.095,-1,-1,-1
86,60,442.415,448.935,103.17,234.13,26.794,-1,-1,-1
86,77,1310.0,547.0,52.0,118.0,33.989,-1,-1,-1
86,96,1377.263,508.445,67.474,153.11,28.244,-1,-1,-1
86,97,1656.275,257.63,207.45,470.74,55.428,-1,-1,-1
86,100,909.275,289.63,207.45,470.74,32.729,-1,-1,-1
86,102,39.69,497.645,146.62,332.71,6.3262,-1,-1,-1
86,103,1527.0,353.0,226.74,514.53,20.031,-1,-1,-1
87,2,1346.068,489.195,73.864,167.61,58.109,-1,-1,-1
87,36,1733.29,550.355,135.42,307.29,26.423,-1,-1,-1
87,45,1452.63,319.735,226.74,514.53,58.851,-1,-1,-1
87,60,443.415,447.935,103.17,234.13,23.674,-1,-1,-1
87,77,1310.0,547.0,52.0,118.0,29.612,-1,-1,-1
87,96,1378.263,511.445,67.474,153.11,21.278,-1,-1,-1
87,97,1656.275,257.63,207.45,470.74,57.957,-1,-1,-1
87,100,920.275,289.63,207.45,470.74,45.757,-1,-1,-1
87,102,1.2899999999999991,504.97,123.42,280.06,13.824,-1,-1,-1
88,2,1347.068,489.195,73.864,167.61,63.693,-1,-1,-1
88,36,1723.69,544.645,146.62,332.71,31.33,-1,-1,-1
88,45,1451.63,318.735,226.74,514.53,45.413,-1,-1,-1
88,60,443.415,447.935,103.17,234.13,19.712,-1,-1,-1
88,77,1310.0,546.0,52.0,118.0,31.105,-1,-1,-1
88,96,1378.263,512.4449999999999,67.474,153.11,24.108,-1,-1,-1
88,97,1656.275,257.63,207.45,470.74,63.922,-1,-1,-1
88,100,924.275,289.63,207.45,470.74,48.869,-1,-1,-1
88,104,302.0,469.0,94.66,214.81,19.835,-1,-1,-1
89,2,1348.068,489.195,73.864,167.61,64.562,-1,-1,-1
89,36,1739.29,582.97,123.42,280.06,-0.29313,-1,-1,-1
89,45,1448.275,344.63,207.45,470.74,42.04,-1,-1,-1
89,60,443.315,437.365,113.37,257.27,17.239,-1,-1,-1
89,77,1310.0,546.0,52.0,118.0,24.659,-1,-1,-1
89,96,1378.263,512.4449999999999,67.474,153.11,1.5819,-1,-1,-1
89,97,1656.275,257.63,207.45,470.74,56.895,-1,-1,-1
89,100,926.275,289.63,207.45,470.74,60.469,-1,-1,-1
89,104,301.67,468.595,94.66,214.81,14.08,-1,-1,-1
89,105,1708.0,664.0,79.918,181.35,28.737,-1,-1,-1
89,106,1527.0,318.0,226.74,514.53,18.677,-1,-1,-1
89,107,107.0,494.0,103.17,234.13,10.611,-1,-1,-1
90,2,1343.041,481.325,79.918,181.35,52.5,-1,-1,-1
90,45,1429.63,333.735,226.74,514.53,33.425,-1,-1,-1
90,60,447.315,437.365,113.37,257.27,26.072,-1,-1,-1
90,77,1310.0,546.0,52.0,118.0,29.369,-1,-1,-1
90,96,1380.243,518.205,61.514,139.59,13.981,-1,-1,-1
90,97,1620.585,217.70999999999998,270.83,614.58,60.753,-1,-1,-1
90,100,942.275,289.63,207.45,470.74,56.307,-1,-1,-1
90,104,307.415,461.935,103.17,234.13,17.375,-1,-1,-1
90,106,1492.63,317.735,226.74,514.53,8.4721,-1,-1,-1
90,107,107.41499999999999,493.935,103.17,234.13,7.0654,-1,-1,-1
91,2,1342.041,481.325,79.918,181.35,43.901,-1,-1,-1
91,45,1410.63,329.735,226.74,514.53,37.09,-1,-1,-1
91,60,449.315,437.365,113.37,257.27,27.311,-1,-1,-1
91,77,1310.0,546.0,52.0,118.0,33.422,-1,-1,-1
91,97,1618.585,237.70999999999998,270.83,614.58,50.51,-1,-1,-1
91,100,951.275,289.63,207.45,470.74,63.005,-1,-1,-1
91,104,312.415,462.935,103.17,234.13,19.988,-1,-1,-1
91,106,1469.63,341.735,226.74,514.53,16.96,-1,-1,-1
91,107,107.41499999999999,493.935,103.17,234.13,13.333,-1,-1,-1
92,2,1341.041,481.325,79.918,181.35,37.289,-1,-1,-1
92,45,1419.34,387.195,189.32,429.61,34.776,-1,-1,-1
92,60,450.315,437.365,113.37,257.27,35.81,-1,-1,-1
92,77,1310.0,546.0,52.0,118.0,36.427,-1,-1,-1
92,97,1617.585,250.70999999999998,270.83,614.58,58.734,-1,-1,-1
92,100,957.275,289.63,207.45,470.74,61.424,-1,-1,-1
92,106,1486.275,381.63,207.45,470.74,10.762,-1,-1,-1
92,107,112.67,509.595,94.66,214.81,17.554,-1,-1,-1
92,108,60.0,526.0,103.17,234.13,12.057,-1,-1,-1
93,2,1335.041,476.325,79.918,181.35,18.542,-1,-1,-1
93,45,1412.275,376.63,207.45,470.74,55.783,-1,-1,-1
93,60,451.315,437.365,113.37,257.27,40.061,-1,-1,-1
93,77,1310.0,545.0,52.0,118.0,33.769,-1,-1,-1
93,97,1632.585,242.70999999999998,270.83,614.58,21.017,-1,-1,-1
93,100,972.275,289.63,207.45,470.74,51.96,-1,-1,-1
93,106,1529.585,280.71,270.83,614.58,66.349,-1,-1,-1
93,107,107.41499999999999,496.935,103.17,234.13,11.785,-1,-1,-1
93,109,1374.0,537.0,52.0,118.0,11.741,-1,-1,-1
94,45,1437.69,475.645,146.62,332.71,45.9,-1,-1,-1
94,60,451.315,437.365,113.37,257.27,51.074,-1,-1,-1
94,77,1310.0,545.0,52.0,118.0,36.108,-1,-1,-1
94,97,1628.585,251.70999999999998,270.83,614.58,71.429,-1,-1,-1
94,100,983.275,289.63,207.45,470.74,62.876,-1,-1,-1
94,106,1520.585,264.71,270.83,614.58,9.6921,-1,-1,-1
94,107,107.41499999999999,495.935,103.17,234.13,10.44,-1,-1,-1
94,109,1366.103,544.77,47.794,108.46,21.317,-1,-1,-1
94,110,1370.0,480.0,28.302,64.224,9.8542,-1,-1,-1
94,111,1454.0,345.0,52.0,118.0,5.9278,-1,-1,-1
95,45,1434.69,498.645,146.62,332.71,45.449,-1,-1,-1
95,60,451.315,437.365,113.37,257.27,50.352,-1,-1,-1
95,77,1310.0,545.0,52.0,118.0,25.951,-1,-1,-1
95,97,1624.585,257.71,270.83,614.58,68.964,-1,-1,-1
95,100,990.275,289.63,207.45,470.74,53.688,-1,-1,-1
95,106,1513.585,255.70999999999998,270.83,614.58,7.9345,-1,-1,-1
95,109,1366.103,549.77,47.794,108.46,24.523,-1,-1,-1
96,45,1399.275,422.63,207.45,470.74,56.772,-1,-1,-1
96,60,451.315,437.365,113.37,257.27,43.798,-1,-1,-1
96,77,1310.0,545.0,52.0,118.0,31.878,-1,-1,-1
96,97,1606.585,260.71,270.83,614.58,74.717,-1,-1,-1
96,100,1009.34,316.195,189.32,429.61,41.332,-1,-1,-1
96,112,313.0,463.0,103.17,234.13,9.6731,-1,-1,-1
96,113,1851.0,517.0,26.0,59.0,1.5573,-1,-1,-1
97,45,1396.275,414.63,207.45,470.74,45.898,-1,-1,-1
97,60,457.315,431.365,113.37,257.27,50.399,-1,-1,-1
97,77,1310.0,545.0,52.0,118.0,31.054,-1,-1,-1
97,97,1592.585,262.71,270.83,614.58,78.528,-1,-1,-1
97,100,1032.08,340.65,159.84,362.7,36.518,-1,-1,-1
97,113,1847.5485,504.9365,30.903,70.127,7.3334,-1,-1,-1
97,114,1073.0,667.0,40.123,91.049,35.444,-1,-1,-1
97,115,359.0,581.0,47.794,108.46,4.2395,-1,-1,-1
98,45,1394.275,407.63,207.45,470.74,49.606,-1,-1,-1
98,60,462.315,433.365,113.37,257.27,56.28,-1,-1,-1
98,97,1582.585,262.71,270.83,614.58,62.904,-1,-1,-1
98,100,1038.16,313.675,175.68,398.65,33.342,-1,-1,-1
98,116,1368.0,524.0,56.686,128.63,16.463,-1,-1,-1
98,117,726.0,390.0,47.794,108.46,16.338,-1,-1,-1
99,45,1393.275,412.63,207.45,470.74,37.867,-1,-1,-1
99,60,466.315,434.365,113.37,257.27,47.069,-1,-1,-1
99,97,1575.585,262.71,270.83,614.58,57.225,-1,-1,-1
99,100,1088.67,453.595,94.66,214.81,50.517,-1,-1,-1
99,116,1376.657,531.685,56.686,128.63,13.643,-1,-1,-1
99,117,726.103,389.77,47.794,108.46,13.175,-1,-1,-1
99,118,1310.0,545.0,52.0,118.0,32.939,-1,-1,-1
99,119,1358.0,545.0,52.0,118.0,15.042,-1,-1,-1
99,120,107.0,510.0,103.17,234.13,8.6348,-1,-1,-1
100,45,1393.275,416.63,207.45,470.74,36.978,-1,-1,-1
100,60,468.315,435.365,113.37,257.27,51.112,-1,-1,-1
100,97,1571.585,261.71,270.83,614.58,63.11,-1,-1,-1
100,100,1093.415,478.935,103.17,234.13,52.488,-1,-1,-1
100,118,1310.0,545.0,52.0,118.0,32.497,-1,-1,-1
100,119,1358.657,531.685,56.686,128.63,2.2562,-1,-1,-1
100,120,107.41499999999999,493.935,103.17,234.13,10.113,-1,-1,-1
100,121,331.0,469.0,94.66,214.81,9.6578,-1,-1,-1
101,45,1382.275,418.63,207.45,470.74,41.324,-1,-1,-1
101,60,469.315,436.365,113.37,257.27,42.942,-1,-1,-1
101,97,1569.585,260.71,270.83,614.58,61.005,-1,-1,-1
101,100,1050.275,344.63,207.45,470.74,38.782,-1,-1,-1
101,118,1310.0,545.0,52.0,118.0,29.858,-1,-1,-1
101,121,329.415,462.935,103.17,234.13,23.91,-1,-1,-1
102,45,1374.275,419.63,207.45,470.74,39.39,-1,-1,-1
102,60,475.415,441.935,103.17,234.13,39.76,-1,-1,-1
102,97,1568.585,259.71,270.83,614.58,63.45,-1,-1,-1
102,100,1055.275,329.63,207.45,470.74,32.049,-1,-1,-1
102,118,1310.0,545.0,52.0,118.0,28.345,-1,-1,-1
102,121,329.415,462.935,103.17,234.13,25.838,-1,-1,-1
102,122,1331.0,464.0,36.723,83.333,14.293,-1,-1,-1
102,123,1849.0,506.0,28.302,64.224,11.752,-1,-1,-1
103,45,1356.63,383.735,226.74,514.53,40.116,-1,-1,-1
103,60,475.415,436.935,103.17,234.13,44.606,-1,-1,-1
103,97,1553.585,243.70999999999998,270.83,614.58,61.055,-1,-1,-1
103,118,1310.0,545.0,52.0,118.0,23.159,-1,-1,-1
103,121,329.415,462.935,103.17,234.13,19.359,-1,-1,-1
103,123,1681.34,469.195,189.32,429.61,23.265,-1,-1,-1
103,124,1189.0,532.0,61.514,139.59,15.309,-1,-1,-1
104,45,1337.0,340.345,250.0,567.31,37.64,-1,-1,-1
104,60,470.315,422.365,113.37,257.27,45.599,-1,-1,-1
104,97,1542.585,230.70999999999998,270.83,614.58,65.902,-1,-1,-1
104,118,1310.0,545.0,52.0,118.0,33.825,-1,-1,-1
104,121,329.415,462.935,103.17,234.13,23.595,-1,-1,-1
104,123,1680.34,451.195,189.32,429.61,26.945,-1,-1,-1
104,124,1069.34,325.195,189.32,429.61,3.4023,-1,-1,-1
105,45,1346.63,358.735,226.74,514.53,31.572,-1,-1,-1
105,60,470.315,426.365,113.37,257.27,40.23,-1,-1,-1
105,97,1534.585,220.70999999999998,270.83,614.58,70.326,-1,-1,-1
105,118,1310.0,545.0,52.0,118.0,35.729,-1,-1,-1
105,121,329.415,462.935,103.17,234.13,25.441,-1,-1,-1
105,123,1679.34,461.195,189.32,429.61,26.648,-1,-1,-1
106,45,1331.0,322.345,250.0,567.31,28.199,-1,-1,-1
106,60,469.315,430.365,113.37,257.27,42.045,-1,-1,-1
106,97,1529.585,213.70999999999998,270.83,614.58,67.666,-1,-1,-1
106,118,1310.0,545.0,52.0,118.0,30.187,-1,-1,-1
106,121,329.415,462.935,103.17,234.13,21.954,-1,-1,-1
106,123,1661.275,426.63,207.45,470.74,16.689,-1,-1,-1
106,125,1218.0,541.0,61.514,139.59,12.082,-1,-1,-1
107,45,1343.275,383.63,207.45,470.74,35.906,-1,-1,-1
107,60,469.315,433.365,113.37,257.27,49.484,-1,-1,-1
107,97,1526.585,209.70999999999998,270.83,614.58,66.324,-1,-1,-1
107,118,1313.103,550.77,47.794,108.46,14.487,-1,-1,-1
107,121,329.415,462.935,103.17,234.13,16.653,-1,-1,-1
107,123,1657.34,475.195,189.32,429.61,14.229,-1,-1,-1
107,125,1230.0,545.0,52.0,118.0,14.109,-1,-1,-1
107,126,1125.0,670.0,33.737,76.557,16.999,-1,-1,-1
107,127,107.0,494.0,103.17,234.13,13.207,-1,-1,-1
107,128,523.0,661.0,26.0,59.0,11.074,-1,-1,-1
108,45,1356.08,465.65,159.84,362.7,38.105,-1,-1,-1
108,60,468.315,435.365,113.37,257.27,51.033,-1,-1,-1
108,97,1525.585,206.70999999999998,270.83,614.58,59.456,-1,-1,-1
108,121,329.415,462.935,103.17,234.13,11.865,-1,-1,-1
108,123,1631.63,429.735,226.74,514.53,17.913,-1,-1,-1
108,125,1172.29,373.355,135.42,307.29,34.368,-1,-1,-1
109,45,1349.08,487.65,159.84,362.7,34.943,-1,-1,-1
109,60,468.315,437.365,113.37,257.27,50.806,-1,-1,-1
109,97,1529.0,215.34500000000003,250.0,567.31,59.044,-1,-1,-1
109,121,360.657,540.685,56.686,128.63,5.9189,-1,-1,-1
109,123,1633.34,487.195,189.32,429.61,24.6,-1,-1,-1
109,125,1164.29,334.355,135.42,307.29,42.373,-1,-1,-1
109,129,1849.0,506.0,28.302,64.224,11.71,-1,-1,-1
110,45,1344.08,504.65,159.84,362.7,37.961,-1,-1,-1
110,60,468.315,438.365,113.37,257.27,52.691,-1,-1,-1
110,97,1524.0,218.34500000000003,250.0,567.31,62.092,-1,-1,-1
110,123,1623.34,496.195,189.32,429.61,22.029,-1,-1,-1
110,125,1148.16,298.675,175.68,398.65,30.362,-1,-1,-1
111,45,1294.0,376.345,250.0,567.31,35.543,-1,-1,-1
111,60,459.29,424.97,123.42,280.06,50.278,-1,-1,-1
111,97,1528.63,242.735,226.74,514.53,67.406,-1,-1,-1
111,123,1619.16,517.675,175.68,398.65,14.193,-1,-1,-1
111,125,1164.69,315.645,146.62,332.71,28.993,-1,-1,-1
111,130,1849.0,506.0,28.302,64.224,19.929,-1,-1,-1
111,131,1204.0,513.0,94.66,214.81,15.831,-1,-1,-1
111,132,329.0,463.0,103.17,234.13,11.977,-1,-1,-1
112,45,1307.275,423.63,207.45,470.74,35.757,-1,-1,-1
112,60,455.29,422.97,123.42,280.06,49.915,-1,-1,-1
112,97,1524.63,241.735,226.74,514.53,61.081,-1,-1,-1
112,123,1618.08,542.65,159.84,362.7,9.2684,-1,-1,-1
112,125,1176.29,323.355,135.42,307.29,29.502,-1,-1,-1
112,130,1848.849,505.888,28.302,64.224,12.399,-1,-1,-1
112,131,1203.67,512.595,94.66,214.81,27.64,-1,-1,-1
113,45,1259.585,332.71,270.83,614.58,50.206,-1,-1,-1
113,60,452.29,421.97,123.42,280.06,59.656,-1,-1,-1
113,97,1514.0,220.34500000000003,250.0,567.31,66.527,-1,-1,-1
113,123,1587.275,501.63,207.45,470.74,8.7701,-1,-1,-1
113,125,1180.29,321.355,135.42,307.29,23.807,-1,-1,-1
113,130,1848.849,505.888,28.302,64.224,6.3325,-1,-1,-1
113,133,1801.0,513.0,40.123,91.049,10.035,-1,-1,-1
114,45,1247.585,317.71,270.83,614.58,58.155,-1,-1,-1
114,60,450.29,420.97,123.42,280.06,62.984,-1,-1,-1
114,97,1496.585,201.70999999999998,270.83,614.58,58.518,-1,-1,-1
114,134,1714.0,407.0,87.838,199.32,12.843,-1,-1,-1
115,45,1239.585,305.71,270.83,614.58,54.1,-1,-1,-1
115,60,449.29,419.97,123.42,280.06,55.214,-1,-1,-1
115,97,1491.585,205.70999999999998,270.83,614.58,57.268,-1,-1,-1
115,135,1593.0,529.0,189.32,429.61,21.148,-1,-1,-1
115,136,1175.0,322.0,159.84,362.7,7.506,-1,-1,-1
115,137,1851.0,517.0,26.0,59.0,1.1975,-1,-1,-1
116,45,1233.0,319.345,250.0,567.31,62.865,-1,-1,-1
116,60,449.29,418.97,123.42,280.06,52.012,-1,-1,-1
116,97,1488.585,208.70999999999998,270.83,614.58,51.995,-1,-1,-1
116,136,1142.0,350.345,250.0,567.31,5.9836,-1,-1,-1
116,138,381.0,562.0,67.474,153.11,15.381,-1,-1,-1
116,139,1455.0,519.0,40.123,91.049,4.3047,-1,-1,-1
117,45,1207.585,290.71,270.83,614.58,72.269,-1,-1,-1
117,60,449.29,418.97,123.42,280.06,50.808,-1,-1,-1
117,97,1487.585,210.70999999999998,270.83,614.58,52.138,-1,-1,-1
117,138,381.263,562.4449999999999,67.474,153.11,9.5079,-1,-1,-1
117,140,1849.0,510.0,28.302,64.224,2.7121,-1,-1,-1
118,45,1197.585,287.71,270.83,614.58,63.979,-1,-1,-1
118,60,449.29,418.97,123.42,280.06,42.489,-1,-1,-1
118,97,1486.585,212.70999999999998,270.83,614.58,51.221,-1,-1,-1
118,140,1848.849,509.888,28.302,64.224,5.7268,-1,-1,-1
118,141,107.0,510.0,103.17,234.13,15.726,-1,-1,-1
118,142,963.0,552.0,67.474,153.11,8.6143,-1,-1,-1
118,143,13.0,490.0,113.37,257.27,4.5392,-1,-1,-1
119,45,1191.0,308.345,250.0,567.31,66.496,-1,-1,-1
119,60,449.29,418.97,123.42,280.06,44.152,-1,-1,-1
119,97,1492.0,223.34500000000003,250.0,567.31,58.695,-1,-1,-1
119,141,107.41499999999999,509.935,103.17,234.13,14.957,-1,-1,-1
119,144,1304.0,417.0,207.45,470.74,27.386,-1,-1,-1
119,145,1698.0,381.0,94.66,214.81,2.5761,-1,-1,-1
120,45,1179.0,306.345,250.0,567.31,65.567,-1,-1,-1
120,60,449.29,418.97,123.42,280.06,48.471,-1,-1,-1
120,97,1488.0,213.34500000000003,250.0,567.31,63.669,-1,-1,-1
120,141,107.41499999999999,509.935,103.17,234.13,12.751,-1,-1,-1
120,144,1304.275,416.63,207.45,470.74,30.896,-1,-1,-1
120,145,1694.415,366.935,103.17,234.13,9.3898,-1,-1,-1
120,146,1545.0,592.0,159.84,362.7,17.32,-1,-1,-1
120,147,329.0,478.0,103.17,234.13,9.8027,-1,-1,-1
120,148,13.0,490.0,113.37,257.27,6.9268,-1,-1,-1
120,149,963.0,552.0,67.474,153.11,5.3034,-1,-1,-1
121,45,1156.585,284.71,270.83,614.58,51.996,-1,-1,-1
121,60,449.29,418.97,123.42,280.06,54.492,-1,-1,-1
121,97,1494.63,227.735,226.74,514.53,45.459,-1,-1,-1
121,144,1286.63,390.735,226.74,514.53,31.544,-1,-1,-1
121,145,1692.081,390.34000000000003,87.838,199.32,34.078,-1,-1,-1
121,146,1528.275,480.63,207.45,470.74,23.824,-1,-1,-1
121,147,329.415,477.935,103.17,234.13,7.3006,-1,-1,-1
121,148,13.314999999999998,490.365,113.37,257.27,14.902,-1,-1,-1
121,149,963.263,541.4449999999999,67.474,153.11,6.0104,-1,-1,-1
122,45,1149.585,286.71,270.83,614.58,45.371,-1,-1,-1
122,60,449.29,418.97,123.42,280.06,42.08,-1,-1,-1
122,97,1469.0,196.34500000000003,250.0,567.31,52.47,-1,-1,-1
122,144,1282.63,387.735,226.74,514.53,27.25,-1,-1,-1
122,145,1683.67,392.595,94.66,214.81,30.799,-1,-1,-1
122,146,1531.08,572.65,159.84,362.7,12.963,-1,-1,-1
122,148,13.314999999999998,490.365,113.37,257.27,10.43,-1,-1,-1
122,149,962.068,535.1949999999999,73.864,167.61,14.677,-1,-1,-1
122,150,107.0,510.0,103.17,234.13,14.902,-1,-1,-1
122,151,1851.0,513.0,26.0,59.0,8.3844,-1,-1,-1
123,45,1145.585,288.71,270.83,614.58,41.142,-1,-1,-1
123,60,450.29,418.97,123.42,280.06,50.765,-1,-1,-1
123,97,1451.585,168.70999999999998,270.83,614.58,50.178,-1,-1,-1
123,145,1681.67,397.595,94.66,214.81,26.419,-1,-1,-1
123,146,1520.08,575.65,159.84,362.7,27.243,-1,-1,-1
123,148,13.314999999999998,490.365,113.37,257.27,9.973,-1,-1,-1
123,149,963.068,536.1949999999999,73.864,167.61,4.4106,-1,-1,-1
123,151,1851.0,513.5,26.0,59.0,14.067,-1,-1,-1
123,152,327.0,473.0,113.37,257.27,6.8725,-1,-1,-1
124,45,1143.585,290.71,270.83,614.58,46.931,-1,-1,-1
124,60,453.315,426.365,113.37,257.27,52.137,-1,-1,-1
124,97,1454.0,191.34500000000003,250.0,567.31,57.537,-1,-1,-1
124,145,1681.67,399.595,94.66,214.81,26.199,-1,-1,-1
124,146,1516.08,589.65,159.84,362.7,23.237,-1,-1,-1
124,148,13.314999999999998,490.365,113.37,257.27,8.0655,-1,-1,-1
124,149,963.068,536.1949999999999,73.864,167.61,10.726,-1,-1,-1
124,152,329.415,477.935,103.17,234.13,26.035,-1,-1,-1
124,153,1242.0,338.0,270.83,614.58,9.0336,-1,-1,-1
124,154,903.0,523.0,47.794,108.46,3.5929,-1,-1,-1
125,45,1173.16,450.675,175.68,398.65,13.484,-1,-1,-1
125,60,449.29,415.97,123.42,280.06,50.328,-1,-1,-1
125,97,1448.0,191.34500000000003,250.0,567.31,49.006,-1,-1,-1
125,145,1676.415,388.935,103.17,234.13,12.893,-1,-1,-1
125,146,1522.67,707.595,94.66,214.81,10.807,-1,-1,-1
125,148,13.314999999999998,490.365,113.37,257.27,3.7165,-1,-1,-1
125,153,1215.34,499.195,189.32,429.61,38.67,-1,-1,-1
125,154,911.9385,532.4755,40.123,91.049,17.186,-1,-1,-1
125,155,100.0,490.0,113.37,257.27,35.668,-1,-1,-1
125,156,1851.0,513.0,26.0,59.0,14.784,-1,-1,-1
126,45,1160.16,490.675,175.68,398.65,9.8638,-1,-1,-1
126,60,452.315,424.365,113.37,257.27,45.424,-1,-1,-1
126,97,1437.585,166.70999999999998,270.83,614.58,37.531,-1,-1,-1
126,145,1661.29,326.355,135.42,307.29,12.636,-1,-1,-1
126,146,1472.69,628.645,146.62,332.71,28.194,-1,-1,-1
126,148,13.314999999999998,498.365,113.37,257.27,2.9339,-1,-1,-1
126,153,1215.34,500.195,189.32,429.61,48.008,-1,-1,-1
126,155,107.41499999999999,493.935,103.17,234.13,22.038,-1,-1,-1
126,157,1379.0,522.0,61.514,139.59,31.699,-1,-1,-1
126,158,318.0,438.0,123.42,280.06,17.702,-1,-1,-1
126,159,963.0,547.0,73.864,167.61,7.2579,-1,-1,-1
127,60,441.29,413.97,123.42,280.06,46.266,-1,-1,-1
127,97,1438.585,166.70999999999998,270.83,614.58,33.037,-1,-1,-1
127,145,1681.67,380.595,94.66,214.81,13.917,-1,-1,-1
127,146,1469.69,625.645,146.62,332.71,16.176,-1,-1,-1
127,148,13.314999999999998,495.365,113.37,257.27,8.9099,-1,-1,-1
127,153,1163.585,361.71,270.83,614.58,41.644,-1,-1,-1
127,155,100.315,476.365,113.37,257.27,28.289,-1,-1,-1
127,158,329.415,477.935,103.17,234.13,24.73,-1,-1,-1
128,60,446.315,423.365,113.37,257.27,37.284,-1,-1,-1
128,97,1425.585,166.70999999999998,270.83,614.58,33.128,-1,-1,-1
128,145,1649.69,300.645,146.62,332.71,20.705,-1,-1,-1
128,146,1469.08,606.65,159.84,362.7,12.359,-1,-1,-1
128,153,1132.585,338.71,270.83,614.58,36.478,-1,-1,-1
128,155,106.41499999999999,490.935,103.17,234.13,24.283,-1,-1,-1
128,158,326.315,447.365,113.37,257.27,10.663,-1,-1,-1
128,160,1389.0,624.0,33.737,76.557,24.213,-1,-1,-1
129,60,437.29,406.97,123.42,280.06,27.194,-1,-1,-1
129,97,1437.0,178.34500000000003,250.0,567.31,32.427,-1,-1,-1
129,145,1645.69,286.645,146.62,332.71,19.324,-1,-1,-1
129,146,1446.34,558.1949999999999,189.32,429.61,11.133,-1,-1,-1
129,153,1139.585,328.71,270.83,614.58,47.417,-1,-1,-1
129,155,100.315,486.365,113.37,257.27,35.091,-1,-1,-1
129,158,319.29,433.97,123.42,280.06,25.782,-1,-1,-1
129,161,1801.0,513.0,40.123,91.049,10.416,-1,-1,-1
129,162,22.0,578.0,79.918,181.35,3.8617,-1,-1,-1
130,60,434.29,409.97,123.42,280.06,25.445,-1,-1,-1
130,145,1642.69,276.645,146.62,332.71,29.988,-1,-1,-1
130,146,1458.16,572.675,175.68,398.65,0.74837,-1,-1,-1
130,153,1144.585,324.71,270.83,614.58,36.455,-1,-1,-1
130,158,325.315,449.365,113.37,257.27,12.229,-1,-1,-1
130,163,1478.0,234.0,33.737,76.557,37.225,-1,-1,-1
131,60,432.29,412.97,123.42,280.06,36.528,-1,-1,-1
131,145,1632.69,269.645,146.62,332.71,19.089,-1,-1,-1
131,146,1443.16,581.675,175.68,398.65,8.1574,-1,-1,-1
131,153,1148.585,322.71,270.83,614.58,34.452,-1,-1,-1
131,158,319.29,436.97,123.42,280.06,28.408,-1,-1,-1
131,163,1408.585,210.70999999999998,270.83,614.58,36.194,-1,-1,-1
131,164,91.0,510.0,103.17,234.13,24.226,-1,-1,-1
131,165,1848.0,505.0,30.903,70.127,9.4063,-1,-1,-1
132,60,430.29,407.97,123.42,280.06,37.979,-1,-1,-1
132,145,1625.69,265.645,146.62,332.71,20.245,-1,-1,-1
132,146,1432.16,588.675,175.68,398.65,15.652,-1,-1,-1
132,153,1150.0,359.345,250.0,567.31,32.212,-1,-1,-1
132,158,318.29,436.97,123.42,280.06,30.848,-1,-1,-1
132,163,1408.585,212.70999999999998,270.83,614.58,25.82,-1,-1,-1
132,166,1382.0,529.0,52.0,118.0,27.947,-1,-1,-1
132,167,1567.0,717.0,103.17,234.13,4.9927,-1,-1,-1
133,60,426.29,394.355,135.42,307.29,42.303,-1,-1,-1
133,146,1428.08,612.65,159.84,362.7,3.9926,-1,-1,-1
133,153,1144.0,368.345,250.0,567.31,26.187,-1,-1,-1
133,158,318.29,436.97,123.42,280.06,27.061,-1,-1,-1
133,163,1380.585,213.70999999999998,270.83,614.58,25.085,-1,-1,-1
133,168,1695.0,419.0,79.918,181.35,8.8496,-1,-1,-1
133,169,1800.0,521.0,36.723,83.333,3.4077,-1,-1,-1
134,60,431.29,404.97,123.42,280.06,44.98,-1,-1,-1
134,146,1414.69,623.645,146.62,332.71,6.0702,-1,-1,-1
134,153,1141.0,390.345,250.0,567.31,28.737,-1,-1,-1
134,158,318.29,436.97,123.42,280.06,24.518,-1,-1,-1
134,163,1366.585,187.70999999999998,270.83,614.58,24.149,-1,-1,-1
134,168,1694.0,465.0,52.0,118.0,5.1112,-1,-1,-1
