1,1,1689.0,385.0,146.62,332.71,67.567,-1,-1,-1
2,1,1688.69,384.645,146.62,332.71,66.725,-1,-1,-1
3,1,1732.67,489.595,94.66,214.81,64.803,-1,-1,-1
4,1,1682.08,393.65,159.84,362.7,53.87,-1,-1,-1
5,1,1687.08,379.65,159.84,362.7,52.074,-1,-1,-1
6,1,1677.69,386.645,146.62,332.71,52.587,-1,-1,-1
7,1,1667.08,368.65,159.84,362.7,49.716,-1,-1,-1
8,1,1665.08,366.65,159.84,362.7,50.69,-1,-1,-1
9,1,1666.69,380.645,146.62,332.71,59.031,-1,-1,-1
9,2,1326.0,489.0,67.474,153.11,41.687,-1,-1,-1
10,1,1672.69,380.645,146.62,332.71,64.395,-1,-1,-1
10,2,1326.263,499.445,67.474,153.11,44.719,-1,-1,-1
11,1,1677.69,380.645,146.62,332.71,58.138,-1,-1,-1
12,1,1681.69,389.645,146.62,332.71,51.907,-1,-1,-1
13,1,1684.69,387.645,146.62,332.71,54.748,-1,-1,-1
14,1,1675.08,371.65,159.84,362.7,53.078,-1,-1,-1
15,1,1672.08,371.65,159.84,362.7,56.775,-1,-1,-1
15,3,1825.0,535.0,33.737,76.557,40.166,-1,-1,-1
16,1,1670.08,371.65,159.84,362.7,58.304,-1,-1,-1
16,3,1833.6385,532.3335,36.723,83.333,49.653,-1,-1,-1
16,4,1336.0,500.0,67.474,153.11,44.973,-1,-1,-1
17,1,1672.69,385.645,146.62,332.71,65.522,-1,-1,-1
17,4,1336.263,500.445,67.474,153.11,46.265,-1,-1,-1
18,1,1669.69,393.645,146.62,332.71,66.036,-1,-1,-1
18,5,-52.0,254.0,270.83,614.58,44.021,-1,-1,-1
19,1,1666.69,399.645,146.62,332.71,64.738,-1,-1,-1
19,5,-52.41499999999999,253.70999999999998,270.83,614.58,56.379,-1,-1,-1
20,1,1652.08,381.65,159.84,362.7,63.715,-1,-1,-1
20,5,-52.41499999999999,253.70999999999998,270.83,614.58,52.829,-1,-1,-1
21,1,1647.08,378.65,159.84,362.7,63.111,-1,-1,-1
21,5,-52.41499999999999,253.70999999999998,270.83,614.58,55.834,-1,-1,-1
22,1,1643.08,384.65,159.84,362.7,69.866,-1,-1,-1
22,5,-52.41499999999999,253.70999999999998,270.83,614.58,52.643,-1,-1,-1
23,1,1635.16,362.675,175.68,398.65,71.576,-1,-1,-1
23,5,-52.41499999999999,253.70999999999998,270.83,614.58,55.724,-1,-1,-1
24,1,1632.08,386.65,159.84,362.7,74.939,-1,-1,-1
24,5,-52.41499999999999,253.70999999999998,270.83,614.58,48.298,-1,-1,-1
25,1,1624.08,390.65,159.84,362.7,77.047,-1,-1,-1
26,1,1619.08,393.65,159.84,362.7,69.991,-1,-1,-1
27,1,1609.16,369.675,175.68,398.65,70.678,-1,-1,-1
28,1,1609.16,364.675,175.68,398.65,82.014,-1,-1,-1
29,1,1615.08,377.65,159.84,362.7,72.384,-1,-1,-1
30,1,1608.16,356.675,175.68,398.65,65.412,-1,-1,-1
30,6,1339.0,480.0,79.918,181.35,46.891,-1,-1,-1
31,1,1609.16,354.675,175.68,398.65,64.181,-1,-1,-1
31,6,1349.068,490.195,73.864,167.61,50.363,-1,-1,-1
32,1,1617.08,379.65,159.84,362.7,68.372,-1,-1,-1
32,6,1349.068,490.195,73.864,167.61,56.174,-1,-1,-1
33,1,1611.16,358.675,175.68,398.65,73.534,-1,-1,-1
33,6,1341.041,481.325,79.918,181.35,52.712,-1,-1,-1
33,7,1752.0,290.0,207.45,470.74,41.951,-1,-1,-1
34,1,1612.16,356.675,175.68,398.65,73.734,-1,-1,-1
34,6,1346.068,489.195,73.864,167.61,63.212,-1,-1,-1
35,1,1613.16,355.675,175.68,398.65,79.855,-1,-1,-1
35,6,1347.068,489.195,73.864,167.61,61.084,-1,-1,-1
35,8,1670.0,381.0,175.68,398.65,43.711,-1,-1,-1
36,1,1614.16,354.675,175.68,398.65,70.057,-1,-1,-1
36,6,1348.068,489.195,73.864,167.61,63.441,-1,-1,-1
36,8,1670.16,380.675,175.68,398.65,45.533,-1,-1,-1
37,1,1615.16,353.675,175.68,398.65,70.38,-1,-1,-1
37,6,1349.068,489.195,73.864,167.61,65.47,-1,-1,-1
37,8,1670.16,380.675,175.68,398.65,46.659,-1,-1,-1
38,1,1616.16,352.675,175.68,398.65,68.337,-1,-1,-1
38,6,1349.068,489.195,73.864,167.61,59.666,-1,-1,-1
38,8,1670.16,380.675,175.68,398.65,46.271,-1,-1,-1
39,1,1616.16,362.675,175.68,398.65,68.451,-1,-1,-1
39,6,1349.068,489.195,73.864,167.61,50.873,-1,-1,-1
40,1,1614.34,350.195,189.32,429.61,69.024,-1,-1,-1
40,6,1349.068,489.195,73.864,167.61,56.938,-1,-1,-1
41,1,1618.34,353.195,189.32,429.61,73.547,-1,-1,-1
41,6,1349.068,490.195,73.864,167.61,59.175,-1,-1,-1
42,1,1621.34,355.195,189.32,429.61,70.72,-1,-1,-1
42,6,1349.068,490.195,73.864,167.61,56.873,-1,-1,-1
43,1,1625.16,375.675,175.68,398.65,75.593,-1,-1,-1
43,6,1349.068,490.195,73.864,167.61,46.469,-1,-1,-1
44,1,1610.34,359.195,189.32,429.61,80.576,-1,-1,-1
44,6,1349.068,490.195,73.864,167.61,50.829,-1,-1,-1
45,1,1613.34,358.195,189.32,429.61,74.794,-1,-1,-1
45,6,1349.068,490.195,73.864,167.61,54.438,-1,-1,-1
46,1,1606.34,357.195,189.32,429.61,73.628,-1,-1,-1
46,6,1349.068,490.195,73.864,167.61,58.151,-1,-1,-1
46,9,1752.0,290.0,207.45,470.74,41.979,-1,-1,-1
47,1,1600.34,356.195,189.32,429.61,66.649,-1,-1,-1
47,6,1349.068,490.195,73.864,167.61,54.048,-1,-1,-1
47,9,1736.63,282.735,226.74,514.53,43.154,-1,-1,-1
48,1,1596.34,356.195,189.32,429.61,63.243,-1,-1,-1
48,6,1349.068,490.195,73.864,167.61,54.639,-1,-1,-1
48,9,1736.63,282.735,226.74,514.53,44.187,-1,-1,-1
49,1,1593.34,355.195,189.32,429.61,69.067,-1,-1,-1
49,6,1349.068,490.195,73.864,167.61,56.656,-1,-1,-1
49,9,1750.275,294.63,207.45,470.74,43.303,-1,-1,-1
50,1,1591.34,355.195,189.32,429.61,69.552,-1,-1,-1
50,6,1349.068,490.195,73.864,167.61,49.767,-1,-1,-1
51,1,1579.34,355.195,189.32,429.61,68.85,-1,-1,-1
51,6,1349.068,490.195,73.864,167.61,44.878,-1,-1,-1
52,1,1581.34,355.195,189.32,429.61,60.967,-1,-1,-1
52,6,1349.068,490.195,73.864,167.61,49.451,-1,-1,-1
53,1,1583.34,355.195,189.32,429.61,57.805,-1,-1,-1
53,6,1349.068,490.195,73.864,167.61,55.381,-1,-1,-1
54,1,1585.34,354.195,189.32,429.61,59.841,-1,-1,-1
54,6,1349.068,490.195,73.864,167.61,51.86,-1,-1,-1
54,10,1737.0,283.0,226.74,514.53,40.997,-1,-1,-1
55,1,1597.34,354.195,189.32,429.61,47.883,-1,-1,-1
55,6,1349.068,490.195,73.864,167.61,48.271,-1,-1,-1
55,10,1736.63,282.735,226.74,514.53,43.223,-1,-1,-1
55,11,1528.0,322.0,207.45,470.74,58.095,-1,-1,-1
56,6,1349.068,490.195,73.864,167.61,49.125,-1,-1,-1
56,10,1713.63,282.735,226.74,514.53,46.551,-1,-1,-1
56,11,1563.34,354.195,189.32,429.61,60.119,-1,-1,-1
57,6,1349.068,490.195,73.864,167.61,46.852,-1,-1,-1
57,10,1701.63,282.735,226.74,514.53,40.341,-1,-1,-1
57,11,1564.34,354.195,189.32,429.61,61.475,-1,-1,-1
57,12,579.0,522.0,135.42,307.29,42.276,-1,-1,-1
58,6,1349.068,490.195,73.864,167.61,48.833,-1,-1,-1
58,10,1719.63,282.735,226.74,514.53,48.702,-1,-1,-1
58,11,1583.34,354.195,189.32,429.61,44.318,-1,-1,-1
59,6,1349.068,490.195,73.864,167.61,50.529,-1,-1,-1
59,10,1729.63,282.735,226.74,514.53,52.273,-1,-1,-1
59,11,1611.34,354.195,189.32,429.61,41.522,-1,-1,-1
60,6,1349.068,490.195,73.864,167.61,48.119,-1,-1,-1
60,10,1716.63,282.735,226.74,514.53,49.047,-1,-1,-1
60,11,1567.275,344.63,207.45,470.74,41.755,-1,-1,-1
61,6,1349.068,490.195,73.864,167.61,46.722,-1,-1,-1
61,10,1709.63,282.735,226.74,514.53,50.716,-1,-1,-1
61,11,1581.29,479.97,123.42,280.06,53.015,-1,-1,-1
62,6,1349.068,490.195,73.864,167.61,44.681,-1,-1,-1
62,10,1704.63,282.735,226.74,514.53,53.216,-1,-1,-1
62,11,1564.29,502.97,123.42,280.06,48.648,-1,-1,-1
63,6,1348.041,482.325,79.918,181.35,47.674,-1,-1,-1
63,10,1701.63,282.735,226.74,514.53,54.974,-1,-1,-1
63,11,1519.275,379.63,207.45,470.74,57.984,-1,-1,-1
64,6,1351.068,489.195,73.864,167.61,49.373,-1,-1,-1
64,10,1699.63,282.735,226.74,514.53,49.421,-1,-1,-1
64,11,1517.275,359.63,207.45,470.74,52.384,-1,-1,-1
65,6,1351.068,489.195,73.864,167.61,52.873,-1,-1,-1
65,10,1698.63,282.735,226.74,514.53,51.194,-1,-1,-1
65,11,1561.315,495.365,113.37,257.27,63.039,-1,-1,-1
65,13,393.0,447.0,103.17,234.13,41.304,-1,-1,-1
66,6,1351.068,489.195,73.864,167.61,55.128,-1,-1,-1
66,10,1683.0,249.34500000000003,250.0,567.31,53.531,-1,-1,-1
66,11,1515.275,367.63,207.45,470.74,55.163,-1,-1,-1
67,6,1350.068,490.195,73.864,167.61,51.191,-1,-1,-1
67,10,1680.0,243.34500000000003,250.0,567.31,57.077,-1,-1,-1
67,11,1530.16,405.675,175.68,398.65,50.52,-1,-1,-1
67,14,409.0,447.0,103.17,234.13,40.889,-1,-1,-1
68,6,1350.068,490.195,73.864,167.61,52.446,-1,-1,-1
68,10,1678.0,239.34500000000003,250.0,567.31,60.132,-1,-1,-1
68,11,1525.34,377.195,189.32,429.61,52.246,-1,-1,-1
69,6,1350.068,490.195,73.864,167.61,55.577,-1,-1,-1
69,10,1677.0,236.34500000000003,250.0,567.31,56.741,-1,-1,-1
69,11,1519.275,353.63,207.45,470.74,48.02,-1,-1,-1
70,6,1350.068,490.195,73.864,167.61,57.865,-1,-1,-1
70,10,1677.0,234.34500000000003,250.0,567.31,60.489,-1,-1,-1
70,11,1521.275,351.63,207.45,470.74,44.15,-1,-1,-1
71,6,1344.041,482.325,79.918,181.35,52.208,-1,-1,-1
71,10,1677.0,233.34500000000003,250.0,567.31,51.283,-1,-1,-1
71,11,1512.275,350.63,207.45,470.74,55.605,-1,-1,-1
72,6,1347.068,489.195,73.864,167.61,60.777,-1,-1,-1
72,10,1677.0,233.34500000000003,250.0,567.31,44.7,-1,-1,-1
72,11,1504.275,350.63,207.45,470.74,48.581,-1,-1,-1
73,6,1347.068,489.195,73.864,167.61,58.908,-1,-1,-1
73,10,1677.0,233.34500000000003,250.0,567.31,47.731,-1,-1,-1
73,11,1499.275,350.63,207.45,470.74,62.77,-1,-1,-1
73,15,728.0,258.0,207.45,470.74,43.658,-1,-1,-1
74,6,1347.068,489.195,73.864,167.61,57.214,-1,-1,-1
74,10,1678.0,233.34500000000003,250.0,567.31,54.12,-1,-1,-1
74,11,1495.275,350.63,207.45,470.74,54.52,-1,-1,-1
74,15,793.29,530.97,123.42,280.06,51.346,-1,-1,-1
75,6,1348.068,490.195,73.864,167.61,55.082,-1,-1,-1
75,10,1678.0,233.34500000000003,250.0,567.31,48.682,-1,-1,-1
75,11,1504.275,350.63,207.45,470.74,53.124,-1,-1,-1
75,15,799.315,542.365,113.37,257.27,51.444,-1,-1,-1
76,6,1343.041,482.325,79.918,181.35,52.688,-1,-1,-1
76,10,1679.0,233.34500000000003,250.0,567.31,52.194,-1,-1,-1
76,11,1500.275,350.63,207.45,470.74,56.419,-1,-1,-1
76,15,753.63,326.735,226.74,514.53,48.511,-1,-1,-1
77,6,1347.068,489.195,73.864,167.61,62.12,-1,-1,-1
77,10,1681.63,267.735,226.74,514.53,55.657,-1,-1,-1
77,11,1489.63,324.735,226.74,514.53,45.91,-1,-1,-1
78,6,1342.041,481.325,79.918,181.35,60.347,-1,-1,-1
78,10,1675.63,273.735,226.74,514.53,55.654,-1,-1,-1
78,11,1489.63,321.735,226.74,514.53,52.439,-1,-1,-1
79,6,1341.041,481.325,79.918,181.35,55.981,-1,-1,-1
79,10,1654.0,259.345,250.0,567.31,50.001,-1,-1,-1
79,11,1489.63,319.735,226.74,514.53,53.253,-1,-1,-1
80,6,1345.068,489.195,73.864,167.61,59.736,-1,-1,-1
80,10,1647.0,268.345,250.0,567.31,58.485,-1,-1,-1
80,11,1489.63,317.735,226.74,514.53,73.294,-1,-1,-1
81,6,1346.068,489.195,73.864,167.61,62.027,-1,-1,-1
81,10,1642.0,274.345,250.0,567.31,52.759,-1,-1,-1
81,11,1498.275,343.63,207.45,470.74,58.096,-1,-1,-1
82,6,1347.068,489.195,73.864,167.61,57.958,-1,-1,-1
82,10,1639.0,278.345,250.0,567.31,51.195,-1,-1,-1
82,11,1477.63,319.735,226.74,514.53,61.074,-1,-1,-1
83,6,1342.041,481.325,79.918,181.35,57.241,-1,-1,-1
83,10,1651.0,280.345,250.0,567.31,52.241,-1,-1,-1
83,11,1468.63,318.735,226.74,514.53,50.539,-1,-1,-1
84,6,1341.041,481.325,79.918,181.35,52.942,-1,-1,-1
84,10,1666.275,305.63,207.45,470.74,46.907,-1,-1,-1
84,11,1461.63,317.735,226.74,514.53,51.585,-1,-1,-1
85,6,1340.041,481.325,79.918,181.35,51.109,-1,-1,-1
85,10,1661.275,287.63,207.45,470.74,49.791,-1,-1,-1
85,11,1465.275,343.63,207.45,470.74,67.638,-1,-1,-1
85,16,888.0,290.0,207.45,470.74,46.124,-1,-1,-1
86,6,1345.068,489.195,73.864,167.61,55.438,-1,-1,-1
86,10,1657.275,273.63,207.45,470.74,55.428,-1,-1,-1
86,11,1453.63,320.735,226.74,514.53,57.095,-1,-1,-1
87,6,1346.068,489.195,73.864,167.61,58.109,-1,-1,-1
87,10,1655.275,263.63,207.45,470.74,57.957,-1,-1,-1
87,11,1452.63,319.735,226.74,514.53,58.851,-1,-1,-1
87,17,920.0,290.0,207.45,470.74,45.757,-1,-1,-1
88,6,1347.068,489.195,73.864,167.61,63.693,-1,-1,-1
88,10,1653.275,256.63,207.45,470.74,63.922,-1,-1,-1
88,11,1452.63,318.735,226.74,514.53,45.413,-1,-1,-1
88,17,920.275,289.63,207.45,470.74,48.869,-1,-1,-1
89,6,1348.068,489.195,73.864,167.61,64.562,-1,-1,-1
89,10,1652.275,252.63,207.45,470.74,56.895,-1,-1,-1
89,11,1449.275,344.63,207.45,470.74,42.04,-1,-1,-1
89,17,920.275,289.63,207.45,470.74,60.469,-1,-1,-1
90,6,1343.041,481.325,79.918,181.35,52.5,-1,-1,-1
90,10,1617.585,202.70999999999998,270.83,614.58,60.753,-1,-1,-1
90,17,941.275,289.63,207.45,470.74,56.307,-1,-1,-1
91,6,1342.041,481.325,79.918,181.35,43.901,-1,-1,-1
91,10,1615.585,220.70999999999998,270.83,614.58,50.51,-1,-1,-1
91,17,952.275,289.63,207.45,470.74,63.005,-1,-1,-1
92,10,1614.585,234.70999999999998,270.83,614.58,58.734,-1,-1,-1
92,17,956.275,289.63,207.45,470.74,61.424,-1,-1,-1
93,10,1599.585,245.70999999999998,270.83,614.58,66.349,-1,-1,-1
93,17,974.275,289.63,207.45,470.74,51.96,-1,-1,-1
93,18,1432.0,385.0,207.45,470.74,55.783,-1,-1,-1
93,19,449.0,438.0,113.37,257.27,40.061,-1,-1,-1
94,10,1602.585,253.70999999999998,270.83,614.58,71.429,-1,-1,-1
94,17,985.275,289.63,207.45,470.74,62.876,-1,-1,-1
94,18,1440.69,519.645,146.62,332.71,45.9,-1,-1,-1
94,19,449.315,438.365,113.37,257.27,51.074,-1,-1,-1
95,10,1605.585,258.71,270.83,614.58,68.964,-1,-1,-1
95,17,991.275,289.63,207.45,470.74,53.688,-1,-1,-1
95,18,1439.69,519.645,146.62,332.71,45.449,-1,-1,-1
95,19,449.315,438.365,113.37,257.27,50.352,-1,-1,-1
96,10,1593.585,261.71,270.83,614.58,74.717,-1,-1,-1
96,17,1010.34,316.195,189.32,429.61,41.332,-1,-1,-1
96,18,1403.275,406.63,207.45,470.74,56.772,-1,-1,-1
96,19,449.315,438.365,113.37,257.27,43.798,-1,-1,-1
97,10,1584.585,262.71,270.83,614.58,78.528,-1,-1,-1
97,18,1400.275,384.63,207.45,470.74,45.898,-1,-1,-1
97,19,460.315,426.365,113.37,257.27,50.399,-1,-1,-1
98,10,1578.585,262.71,270.83,614.58,62.904,-1,-1,-1
98,18,1398.275,375.63,207.45,470.74,49.606,-1,-1,-1
98,19,466.315,431.365,113.37,257.27,56.28,-1,-1,-1
99,10,1574.585,261.71,270.83,614.58,57.225,-1,-1,-1
99,19,469.315,434.365,113.37,257.27,47.069,-1,-1,-1
99,20,1087.0,542.0,94.66,214.81,50.517,-1,-1,-1
100,10,1571.585,260.71,270.83,614.58,63.11,-1,-1,-1
100,19,470.315,435.365,113.37,257.27,51.112,-1,-1,-1
100,20,1091.415,525.935,103.17,234.13,52.488,-1,-1,-1
101,10,1570.585,259.71,270.83,614.58,61.005,-1,-1,-1
101,19,470.315,436.365,113.37,257.27,42.942,-1,-1,-1
101,20,1259.275,413.63,207.45,470.74,41.324,-1,-1,-1
102,10,1570.585,258.71,270.83,614.58,63.45,-1,-1,-1
103,10,1555.585,242.70999999999998,270.83,614.58,61.055,-1,-1,-1
103,21,472.0,431.0,103.17,234.13,44.606,-1,-1,-1
103,22,1353.0,353.0,226.74,514.53,40.116,-1,-1,-1
104,10,1544.585,229.70999999999998,270.83,614.58,65.902,-1,-1,-1
104,21,467.315,420.365,113.37,257.27,45.599,-1,-1,-1
105,10,1536.585,220.70999999999998,270.83,614.58,70.326,-1,-1,-1
105,21,467.315,432.365,113.37,257.27,40.23,-1,-1,-1
106,10,1530.585,213.70999999999998,270.83,614.58,67.666,-1,-1,-1
106,21,467.315,438.365,113.37,257.27,42.045,-1,-1,-1
107,10,1527.585,209.70999999999998,270.83,614.58,66.324,-1,-1,-1
107,21,467.315,440.365,113.37,257.27,49.484,-1,-1,-1
108,10,1525.585,206.70999999999998,270.83,614.58,59.456,-1,-1,-1
108,21,467.315,440.365,113.37,257.27,51.033,-1,-1,-1
109,10,1529.0,215.34500000000003,250.0,567.31,59.044,-1,-1,-1
109,21,467.315,440.365,113.37,257.27,50.806,-1,-1,-1
109,23,1164.0,335.0,135.42,307.29,42.373,-1,-1,-1
110,10,1524.0,218.34500000000003,250.0,567.31,62.092,-1,-1,-1
110,21,467.315,440.365,113.37,257.27,52.691,-1,-1,-1
111,10,1529.63,242.735,226.74,514.53,67.406,-1,-1,-1
111,21,457.29,425.97,123.42,280.06,50.278,-1,-1,-1
112,10,1524.63,241.735,226.74,514.53,61.081,-1,-1,-1
112,21,454.29,422.97,123.42,280.06,49.915,-1,-1,-1
113,10,1514.0,220.34500000000003,250.0,567.31,66.527,-1,-1,-1
113,21,452.29,420.97,123.42,280.06,59.656,-1,-1,-1
113,24,1242.0,296.0,270.83,614.58,50.206,-1,-1,-1
114,10,1496.585,201.70999999999998,270.83,614.58,58.518,-1,-1,-1
114,21,450.29,419.97,123.42,280.06,62.984,-1,-1,-1
114,24,1241.585,295.71,270.83,614.58,58.155,-1,-1,-1
115,10,1491.585,205.70999999999998,270.83,614.58,57.268,-1,-1,-1
115,21,449.29,418.97,123.42,280.06,55.214,-1,-1,-1
115,24,1241.585,295.71,270.83,614.58,54.1,-1,-1,-1
116,10,1488.585,208.70999999999998,270.83,614.58,51.995,-1,-1,-1
116,21,449.29,418.97,123.42,280.06,52.012,-1,-1,-1
116,24,1230.0,315.345,250.0,567.31,62.865,-1,-1,-1
117,10,1487.585,210.70999999999998,270.83,614.58,52.138,-1,-1,-1
117,21,449.29,418.97,123.42,280.06,50.808,-1,-1,-1
117,24,1203.585,293.71,270.83,614.58,72.269,-1,-1,-1
118,10,1486.585,212.70999999999998,270.83,614.58,51.221,-1,-1,-1
118,21,449.29,418.97,123.42,280.06,42.489,-1,-1,-1
118,24,1195.585,294.71,270.83,614.58,63.979,-1,-1,-1
119,10,1492.0,223.34500000000003,250.0,567.31,58.695,-1,-1,-1
119,21,449.29,418.97,123.42,280.06,44.152,-1,-1,-1
119,24,1188.0,315.345,250.0,567.31,66.496,-1,-1,-1
120,10,1488.0,213.34500000000003,250.0,567.31,63.669,-1,-1,-1
120,21,449.29,418.97,123.42,280.06,48.471,-1,-1,-1
120,24,1178.0,313.345,250.0,567.31,65.567,-1,-1,-1
121,10,1494.63,227.735,226.74,514.53,45.459,-1,-1,-1
121,21,449.29,418.97,123.42,280.06,54.492,-1,-1,-1
121,24,1156.585,291.71,270.83,614.58,51.996,-1,-1,-1
122,10,1469.0,196.34500000000003,250.0,567.31,52.47,-1,-1,-1
122,21,449.29,418.97,123.42,280.06,42.08,-1,-1,-1
122,24,1149.585,293.71,270.83,614.58,45.371,-1,-1,-1
123,10,1451.585,168.70999999999998,270.83,614.58,50.178,-1,-1,-1
123,21,450.29,418.97,123.42,280.06,50.765,-1,-1,-1
123,24,1146.585,294.71,270.83,614.58,41.142,-1,-1,-1
124,10,1454.0,191.34500000000003,250.0,567.31,57.537,-1,-1,-1
124,21,453.315,426.365,113.37,257.27,52.137,-1,-1,-1
124,24,1144.585,295.71,270.83,614.58,46.931,-1,-1,-1
125,10,1448.0,191.34500000000003,250.0,567.31,49.006,-1,-1,-1
125,21,449.29,415.97,123.42,280.06,50.328,-1,-1,-1
126,10,1379.34,344.195,189.32,429.61,48.008,-1,-1,-1
126,21,452.315,424.365,113.37,257.27,45.424,-1,-1,-1
127,10,1256.585,292.71,270.83,614.58,41.644,-1,-1,-1
127,21,441.29,413.97,123.42,280.06,46.266,-1,-1,-1
129,25,1158.0,338.0,270.83,614.58,47.417,-1,-1,-1
133,26,433.0,397.0,135.42,307.29,42.303,-1,-1,-1
134,26,432.29,399.97,123.42,280.06,44.98,-1,-1,-1
135,26,432.29,399.97,123.42,280.06,42.104,-1,-1,-1
137,27,1325.0,171.0,270.83,614.58,42.597,-1,-1,-1
138,27,1324.585,170.70999999999998,270.83,614.58,54.308,-1,-1,-1
138,28,433.0,397.0,135.42,307.29,42.651,-1,-1,-1
139,27,1324.585,170.70999999999998,270.83,614.58,55.049,-1,-1,-1
139,28,433.29,397.355,135.42,307.29,40.357,-1,-1,-1
140,27,1324.585,170.70999999999998,270.83,614.58,64.629,-1,-1,-1
140,28,434.29,403.97,123.42,280.06,45.113,-1,-1,-1
141,27,1324.585,170.70999999999998,270.83,614.58,54.14,-1,-1,-1
141,29,1074.0,492.0,226.74,514.53,42.44,-1,-1,-1
142,27,1301.585,170.70999999999998,270.83,614.58,50.328,-1,-1,-1
142,29,1397.275,511.63,207.45,470.74,43.165,-1,-1,-1
142,30,308.0,418.0,135.42,307.29,46.821,-1,-1,-1
143,27,1288.585,170.70999999999998,270.83,614.58,56.772,-1,-1,-1
143,29,1378.275,533.63,207.45,470.74,53.68,-1,-1,-1
143,30,431.29,399.97,123.42,280.06,44.566,-1,-1,-1
143,31,989.0,429.0,250.0,567.31,45.167,-1,-1,-1
144,27,1281.585,170.70999999999998,270.83,614.58,60.557,-1,-1,-1
144,29,1369.275,544.63,207.45,470.74,49.349,-1,-1,-1
145,27,1277.585,170.70999999999998,270.83,614.58,56.636,-1,-1,-1
145,29,794.29,493.97,123.42,280.06,42.574,-1,-1,-1
146,27,1275.585,170.70999999999998,270.83,614.58,50.535,-1,-1,-1
146,32,432.0,400.0,123.42,280.06,54.022,-1,-1,-1
147,27,1275.585,170.70999999999998,270.83,614.58,46.8,-1,-1,-1
147,32,432.29,399.97,123.42,280.06,46.385,-1,-1,-1
148,27,1259.585,170.70999999999998,270.83,614.58,40.892,-1,-1,-1
148,32,432.29,399.97,123.42,280.06,51.316,-1,-1,-1
148,33,29.0,313.0,250.0,567.31,45.76,-1,-1,-1
149,27,1248.585,170.70999999999998,270.83,614.58,43.463,-1,-1,-1
149,32,432.29,399.97,123.42,280.06,46.701,-1,-1,-1
150,32,430.29,393.355,135.42,307.29,48.152,-1,-1,-1
151,32,434.29,403.97,123.42,280.06,53.88,-1,-1,-1
152,32,431.29,394.355,135.42,307.29,46.281,-1,-1,-1
153,32,432.29,396.355,135.42,307.29,41.889,-1,-1,-1
155,34,182.0,313.0,250.0,567.31,42.661,-1,-1,-1
156,35,1806.0,521.0,36.723,83.333,45.172,-1,-1,-1
159,36,221.0,275.0,250.0,567.31,43.717,-1,-1,-1
160,36,235.63,317.735,226.74,514.53,50.826,-1,-1,-1
160,37,446.0,408.0,146.62,332.71,54.189,-1,-1,-1
161,36,247.0,306.345,250.0,567.31,44.873,-1,-1,-1
162,36,285.0,313.345,250.0,567.31,45.948,-1,-1,-1
166,38,1400.0,492.0,79.918,181.35,49.538,-1,-1,-1
167,38,1395.068,502.195,73.864,167.61,55.926,-1,-1,-1
168,38,1389.041,493.325,79.918,181.35,76.616,-1,-1,-1
169,38,1393.068,501.195,73.864,167.61,69.601,-1,-1,-1
170,38,1389.041,493.325,79.918,181.35,73.379,-1,-1,-1
171,38,1393.068,501.195,73.864,167.61,69.069,-1,-1,-1
172,38,1369.415,456.935,103.17,234.13,73.489,-1,-1,-1
172,39,1333.0,550.0,56.686,128.63,44.477,-1,-1,-1
173,38,1374.67,458.595,94.66,214.81,70.518,-1,-1,-1
173,39,1332.657,549.685,56.686,128.63,51.625,-1,-1,-1
173,40,1565.0,510.0,67.474,153.11,43.401,-1,-1,-1
174,38,1375.67,454.595,94.66,214.81,63.735,-1,-1,-1
174,39,1332.657,549.685,56.686,128.63,47.505,-1,-1,-1
174,40,1565.263,510.445,67.474,153.11,47.0,-1,-1,-1
175,38,1384.041,472.325,79.918,181.35,64.548,-1,-1,-1
175,40,1572.263,510.445,67.474,153.11,46.575,-1,-1,-1
176,38,1390.068,481.195,73.864,167.61,57.041,-1,-1,-1
176,40,1539.29,402.97,123.42,280.06,47.401,-1,-1,-1
176,41,1333.0,550.0,56.686,128.63,45.542,-1,-1,-1
177,38,1396.068,483.195,73.864,167.61,53.058,-1,-1,-1
177,40,1536.29,380.97,123.42,280.06,42.273,-1,-1,-1
178,38,1401.068,489.195,73.864,167.61,64.024,-1,-1,-1
178,40,1534.29,370.97,123.42,280.06,47.987,-1,-1,-1
178,42,1342.0,550.0,56.686,128.63,44.409,-1,-1,-1
179,38,1407.263,501.445,67.474,153.11,56.992,-1,-1,-1
179,40,1543.315,384.365,113.37,257.27,41.112,-1,-1,-1
179,42,1341.657,549.685,56.686,128.63,52.297,-1,-1,-1
180,38,1409.263,505.445,67.474,153.11,67.511,-1,-1,-1
180,40,1545.29,369.97,123.42,280.06,57.429,-1,-1,-1
180,42,1341.657,549.685,56.686,128.63,42.304,-1,-1,-1
181,38,1408.068,501.195,73.864,167.61,80.758,-1,-1,-1
181,40,1550.29,368.97,123.42,280.06,60.594,-1,-1,-1
182,38,1412.263,506.445,67.474,153.11,82.487,-1,-1,-1
182,40,1561.315,385.365,113.37,257.27,49.455,-1,-1,-1
183,38,1409.068,501.195,73.864,167.61,74.0,-1,-1,-1
183,40,1565.315,389.365,113.37,257.27,46.775,-1,-1,-1
184,38,1409.068,502.195,73.864,167.61,68.25,-1,-1,-1
184,40,1567.29,376.97,123.42,280.06,50.277,-1,-1,-1
184,43,1351.0,550.0,56.686,128.63,53.821,-1,-1,-1
185,38,1409.068,499.195,73.864,167.61,70.395,-1,-1,-1
185,40,1572.29,376.97,123.42,280.06,50.986,-1,-1,-1
185,43,1350.657,549.685,56.686,128.63,51.403,-1,-1,-1
186,38,1412.068,500.195,73.864,167.61,62.973,-1,-1,-1
186,40,1575.29,376.97,123.42,280.06,49.606,-1,-1,-1
186,43,1356.657,549.685,56.686,128.63,40.901,-1,-1,-1
187,38,1411.068,497.195,73.864,167.61,57.847,-1,-1,-1
187,40,1577.29,376.97,123.42,280.06,54.718,-1,-1,-1
187,43,1358.657,549.685,56.686,128.63,45.849,-1,-1,-1
188,38,1410.041,490.325,79.918,181.35,64.02,-1,-1,-1
188,40,1578.29,377.97,123.42,280.06,58.31,-1,-1,-1
188,43,1359.657,549.685,56.686,128.63,49.005,-1,-1,-1
188,44,47.0,246.0,175.68,398.65,59.5,-1,-1,-1
189,38,1410.081,478.34000000000003,87.838,199.32,67.59,-1,-1,-1
189,40,1578.29,378.97,123.42,280.06,48.698,-1,-1,-1
189,44,68.08,248.65,159.84,362.7,48.685,-1,-1,-1
190,38,1414.041,484.325,79.918,181.35,68.214,-1,-1,-1
190,40,1591.315,388.365,113.37,257.27,42.927,-1,-1,-1
190,44,359.15999999999997,330.675,175.68,398.65,49.981,-1,-1,-1
191,38,1413.081,474.34000000000003,87.838,199.32,65.104,-1,-1,-1
191,40,1599.415,398.935,103.17,234.13,47.998,-1,-1,-1
191,44,508.15999999999997,380.675,175.68,398.65,46.642,-1,-1,-1
192,38,1415.081,473.34000000000003,87.838,199.32,60.869,-1,-1,-1
192,40,1601.415,398.935,103.17,234.13,51.717,-1,-1,-1
193,38,1421.068,489.195,73.864,167.61,61.993,-1,-1,-1
193,40,1593.29,376.97,123.42,280.06,44.236,-1,-1,-1
194,38,1402.415,451.935,103.17,234.13,56.831,-1,-1,-1
194,40,1601.315,387.365,113.37,257.27,45.116,-1,-1,-1
194,45,1367.0,531.0,67.474,153.11,44.944,-1,-1,-1
195,38,1398.415,448.935,103.17,234.13,64.247,-1,-1,-1
195,40,1603.315,386.365,113.37,257.27,48.96,-1,-1,-1
196,38,1409.67,461.595,94.66,214.81,69.293,-1,-1,-1
196,40,1612.415,397.935,103.17,234.13,44.152,-1,-1,-1
196,46,1378.0,531.0,67.474,153.11,53.984,-1,-1,-1
197,38,1414.67,463.595,94.66,214.81,65.423,-1,-1,-1
197,40,1607.315,385.365,113.37,257.27,43.891,-1,-1,-1
197,46,1372.068,524.1949999999999,73.864,167.61,47.988,-1,-1,-1
197,47,198.0,213.0,270.83,614.58,53.44,-1,-1,-1
198,38,1418.67,465.595,94.66,214.81,73.138,-1,-1,-1
198,47,197.585,212.70999999999998,270.83,614.58,49.046,-1,-1,-1
199,38,1413.415,452.935,103.17,234.13,77.899,-1,-1,-1
199,47,225.585,240.70999999999998,270.83,614.58,55.697,-1,-1,-1
199,48,1615.0,399.0,103.17,234.13,48.387,-1,-1,-1
200,38,1420.67,464.595,94.66,214.81,84.081,-1,-1,-1
200,47,256.0,250.34500000000003,250.0,567.31,44.528,-1,-1,-1
201,38,1427.081,478.34000000000003,87.838,199.32,80.623,-1,-1,-1
201,47,297.63,280.735,226.74,514.53,41.734,-1,-1,-1
201,49,1611.0,381.0,123.42,280.06,46.512,-1,-1,-1
202,38,1429.67,470.595,94.66,214.81,66.337,-1,-1,-1
202,49,1611.29,380.97,123.42,280.06,48.462,-1,-1,-1
203,38,1433.67,470.595,94.66,214.81,66.527,-1,-1,-1
203,49,1627.415,400.935,103.17,234.13,45.076,-1,-1,-1
204,38,1436.67,470.595,94.66,214.81,59.023,-1,-1,-1
204,49,1630.415,398.935,103.17,234.13,40.456,-1,-1,-1
205,38,1437.415,455.935,103.17,234.13,72.356,-1,-1,-1
205,50,409.0,32.0,33.737,76.557,51.065,-1,-1,-1
206,38,1440.415,452.935,103.17,234.13,77.378,-1,-1,-1
206,51,1654.0,385.0,113.37,257.27,51.171,-1,-1,-1
206,52,1408.0,463.0,103.17,234.13,41.766,-1,-1,-1
207,38,1442.415,449.935,103.17,234.13,75.107,-1,-1,-1
207,51,1654.315,385.365,113.37,257.27,45.74,-1,-1,-1
208,38,1435.315,437.365,113.37,257.27,72.059,-1,-1,-1
208,51,1654.315,385.365,113.37,257.27,46.438,-1,-1,-1
209,38,1441.415,446.935,103.17,234.13,73.312,-1,-1,-1
210,38,1442.415,445.935,103.17,234.13,82.93,-1,-1,-1
210,53,633.0,354.0,189.32,429.61,51.166,-1,-1,-1
210,54,1662.0,399.0,103.17,234.13,41.23,-1,-1,-1
211,38,1442.415,445.935,103.17,234.13,76.206,-1,-1,-1
211,53,1464.415,462.935,103.17,234.13,49.484,-1,-1,-1
211,54,1671.315,385.365,113.37,257.27,52.065,-1,-1,-1
211,55,935.0,545.0,28.302,64.224,46.976,-1,-1,-1
211,56,1419.0,541.0,67.474,153.11,46.084,-1,-1,-1
212,38,1440.315,435.365,113.37,257.27,70.023,-1,-1,-1
212,54,1671.315,385.365,113.37,257.27,46.499,-1,-1,-1
212,57,559.0,273.0,146.62,332.71,51.453,-1,-1,-1
213,38,1442.315,436.365,113.37,257.27,76.788,-1,-1,-1
213,54,1671.315,385.365,113.37,257.27,55.463,-1,-1,-1
213,57,558.29,293.355,135.42,307.29,58.166,-1,-1,-1
214,38,1444.315,436.365,113.37,257.27,84.097,-1,-1,-1
214,54,1677.415,397.935,103.17,234.13,53.088,-1,-1,-1
214,57,519.0,212.34500000000003,250.0,567.31,54.66,-1,-1,-1
215,38,1445.315,436.365,113.37,257.27,84.84,-1,-1,-1
215,54,1677.415,398.935,103.17,234.13,52.719,-1,-1,-1
215,57,527.585,240.70999999999998,270.83,614.58,50.064,-1,-1,-1
215,58,955.0,460.0,135.42,307.29,46.466,-1,-1,-1
216,38,1446.315,437.365,113.37,257.27,89.303,-1,-1,-1
216,54,1677.415,398.935,103.17,234.13,57.099,-1,-1,-1
216,57,561.585,263.71,270.83,614.58,51.152,-1,-1,-1
216,58,965.69,430.645,146.62,332.71,47.657,-1,-1,-1
217,38,1446.315,437.365,113.37,257.27,90.307,-1,-1,-1
217,54,1677.415,398.935,103.17,234.13,61.208,-1,-1,-1
217,57,578.585,271.71,270.83,614.58,52.028,-1,-1,-1
217,58,974.29,454.355,135.42,307.29,47.666,-1,-1,-1
218,38,1452.315,437.365,113.37,257.27,87.092,-1,-1,-1
218,54,1677.415,398.935,103.17,234.13,55.518,-1,-1,-1
218,57,607.0,296.345,250.0,567.31,61.087,-1,-1,-1
218,59,1596.0,425.0,94.66,214.81,48.964,-1,-1,-1
219,38,1457.315,437.365,113.37,257.27,85.924,-1,-1,-1
219,54,1677.415,398.935,103.17,234.13,59.739,-1,-1,-1
219,57,617.0,295.345,250.0,567.31,68.858,-1,-1,-1
219,59,1599.415,414.935,103.17,234.13,67.459,-1,-1,-1
220,38,1461.315,437.365,113.37,257.27,89.888,-1,-1,-1
220,54,1684.415,398.935,103.17,234.13,68.132,-1,-1,-1
220,57,622.0,294.345,250.0,567.31,63.273,-1,-1,-1
220,59,1599.415,414.935,103.17,234.13,47.111,-1,-1,-1
221,38,1463.315,437.365,113.37,257.27,93.235,-1,-1,-1
221,54,1683.415,398.935,103.17,234.13,59.088,-1,-1,-1
221,57,639.0,292.345,250.0,567.31,64.911,-1,-1,-1
221,59,1599.415,414.935,103.17,234.13,42.631,-1,-1,-1
222,38,1464.315,437.365,113.37,257.27,88.537,-1,-1,-1
222,54,1682.415,398.935,103.17,234.13,58.389,-1,-1,-1
222,57,650.0,290.345,250.0,567.31,72.395,-1,-1,-1
223,38,1465.315,437.365,113.37,257.27,75.8,-1,-1,-1
223,54,1681.415,398.935,103.17,234.13,51.884,-1,-1,-1
223,57,671.0,287.345,250.0,567.31,79.974,-1,-1,-1
223,60,1146.0,363.0,146.62,332.71,42.619,-1,-1,-1
223,61,198.0,296.0,270.83,614.58,40.067,-1,-1,-1
224,38,1465.315,437.365,113.37,257.27,74.583,-1,-1,-1
224,54,1680.415,398.935,103.17,234.13,46.527,-1,-1,-1
224,57,685.0,285.345,250.0,567.31,96.367,-1,-1,-1
224,60,541.275,289.63,207.45,470.74,42.358,-1,-1,-1
224,61,197.585,337.71,270.83,614.58,45.305,-1,-1,-1
225,38,1477.415,447.935,103.17,234.13,75.705,-1,-1,-1
225,54,1680.315,386.365,113.37,257.27,53.192,-1,-1,-1
225,57,694.0,283.345,250.0,567.31,104.36,-1,-1,-1
225,60,1177.263,510.445,67.474,153.11,44.466,-1,-1,-1
225,61,197.585,337.71,270.83,614.58,53.212,-1,-1,-1
226,38,1488.67,461.595,94.66,214.81,75.206,-1,-1,-1
226,54,1695.415,398.935,103.17,234.13,54.7,-1,-1,-1
226,57,720.63,300.735,226.74,514.53,94.062,-1,-1,-1
226,60,1467.263,541.4449999999999,67.474,153.11,48.789,-1,-1,-1
226,61,225.585,337.71,270.83,614.58,54.11,-1,-1,-1
227,38,1488.415,456.935,103.17,234.13,76.271,-1,-1,-1
227,54,1702.415,398.935,103.17,234.13,54.967,-1,-1,-1
227,57,730.63,293.735,226.74,514.53,97.99,-1,-1,-1
227,61,239.585,337.71,270.83,614.58,52.06,-1,-1,-1
228,38,1496.415,459.935,103.17,234.13,87.936,-1,-1,-1
228,54,1707.415,398.935,103.17,234.13,60.688,-1,-1,-1
228,57,756.275,304.63,207.45,470.74,77.529,-1,-1,-1
228,61,245.585,313.71,270.83,614.58,63.143,-1,-1,-1
228,62,323.0,338.0,270.83,614.58,58.273,-1,-1,-1
228,63,1472.0,447.0,103.17,234.13,47.711,-1,-1,-1
228,64,1175.0,347.0,159.84,362.7,42.118,-1,-1,-1
229,38,1502.415,461.935,103.17,234.13,85.635,-1,-1,-1
229,54,1711.415,398.935,103.17,234.13,51.904,-1,-1,-1
229,57,759.63,279.735,226.74,514.53,69.417,-1,-1,-1
229,62,322.58500000000004,296.71,270.83,614.58,68.001,-1,-1,-1
229,63,1471.263,551.4449999999999,67.474,153.11,42.16,-1,-1,-1
230,38,1506.415,463.935,103.17,234.13,86.204,-1,-1,-1
230,54,1722.67,404.595,94.66,214.81,44.451,-1,-1,-1
230,57,760.0,258.345,250.0,567.31,71.527,-1,-1,-1
230,62,322.58500000000004,295.71,270.83,614.58,62.663,-1,-1,-1
230,63,1478.263,552.4449999999999,67.474,153.11,47.88,-1,-1,-1
231,38,1502.315,448.365,113.37,257.27,81.536,-1,-1,-1
231,54,1724.415,395.935,103.17,234.13,53.513,-1,-1,-1
231,57,793.275,299.63,207.45,470.74,63.458,-1,-1,-1
231,62,322.58500000000004,295.71,270.83,614.58,59.962,-1,-1,-1
231,63,729.585,332.71,270.83,614.58,43.512,-1,-1,-1
232,38,1503.315,445.365,113.37,257.27,70.853,-1,-1,-1
232,54,1728.415,396.935,103.17,234.13,65.03,-1,-1,-1
232,57,795.63,277.735,226.74,514.53,60.301,-1,-1,-1
232,62,322.58500000000004,295.71,270.83,614.58,45.317,-1,-1,-1
232,63,406.58500000000004,338.71,270.83,614.58,64.146,-1,-1,-1
233,38,1503.315,442.365,113.37,257.27,87.936,-1,-1,-1
233,54,1738.67,407.595,94.66,214.81,50.472,-1,-1,-1
233,57,797.0,258.345,250.0,567.31,49.331,-1,-1,-1
233,62,322.58500000000004,295.71,270.83,614.58,43.076,-1,-1,-1
233,63,267.58500000000004,340.71,270.83,614.58,84.531,-1,-1,-1
234,38,1502.315,440.365,113.37,257.27,94.034,-1,-1,-1
234,54,1740.415,398.935,103.17,234.13,62.142,-1,-1,-1
234,57,828.275,300.63,207.45,470.74,48.588,-1,-1,-1
234,62,322.58500000000004,295.71,270.83,614.58,44.837,-1,-1,-1
234,63,211.585,341.71,270.83,614.58,75.731,-1,-1,-1
234,65,1532.0,455.0,113.37,257.27,40.591,-1,-1,-1
235,38,1507.315,439.365,113.37,257.27,83.365,-1,-1,-1
235,54,1744.415,398.935,103.17,234.13,66.247,-1,-1,-1
235,57,830.63,279.735,226.74,514.53,66.657,-1,-1,-1
235,62,362.58500000000004,315.71,270.83,614.58,72.287,-1,-1,-1
235,63,233.585,322.71,270.83,614.58,46.983,-1,-1,-1
236,38,1511.315,438.365,113.37,257.27,70.085,-1,-1,-1
236,54,1752.415,398.935,103.17,234.13,69.253,-1,-1,-1
236,57,837.63,280.735,226.74,514.53,64.909,-1,-1,-1
236,62,387.58500000000004,309.71,270.83,614.58,63.546,-1,-1,-1
236,63,261.58500000000004,327.71,270.83,614.58,52.833,-1,-1,-1
236,66,1237.0,363.0,146.62,332.71,43.664,-1,-1,-1
237,38,1514.315,437.365,113.37,257.27,66.071,-1,-1,-1
237,54,1757.415,398.935,103.17,234.13,62.296,-1,-1,-1
237,57,854.63,280.735,226.74,514.53,48.563,-1,-1,-1
237,62,403.58500000000004,322.71,270.83,614.58,46.289,-1,-1,-1
237,63,291.58500000000004,314.71,270.83,614.58,49.497,-1,-1,-1
237,66,1236.69,362.645,146.62,332.71,47.687,-1,-1,-1
238,38,1526.415,452.935,103.17,234.13,68.583,-1,-1,-1
238,54,1760.415,398.935,103.17,234.13,55.32,-1,-1,-1
238,57,865.63,281.735,226.74,514.53,53.364,-1,-1,-1
238,62,429.58500000000004,315.71,270.83,614.58,50.615,-1,-1,-1
239,38,1535.67,469.595,94.66,214.81,67.709,-1,-1,-1
239,54,1762.415,398.935,103.17,234.13,43.305,-1,-1,-1
239,57,872.63,281.735,226.74,514.53,61.17,-1,-1,-1
239,62,484.0,331.345,250.0,567.31,61.306,-1,-1,-1
240,38,1539.67,475.595,94.66,214.81,53.325,-1,-1,-1
240,54,1757.415,398.935,103.17,234.13,48.881,-1,-1,-1
240,57,880.275,298.63,207.45,470.74,55.809,-1,-1,-1
240,62,493.58500000000004,303.71,270.83,614.58,61.779,-1,-1,-1
240,67,728.0,290.0,207.45,470.74,46.34,-1,-1,-1
240,68,1259.0,363.0,146.62,332.71,43.581,-1,-1,-1
241,38,1524.29,435.97,123.42,280.06,49.016,-1,-1,-1
241,54,1753.415,398.935,103.17,234.13,43.403,-1,-1,-1
241,57,888.275,294.63,207.45,470.74,67.811,-1,-1,-1
241,62,521.585,300.71,270.83,614.58,60.68,-1,-1,-1
241,68,1258.69,362.645,146.62,332.71,40.547,-1,-1,-1
242,38,1523.29,429.97,123.42,280.06,46.65,-1,-1,-1
242,54,1755.415,398.935,103.17,234.13,44.401,-1,-1,-1
242,57,890.63,275.735,226.74,514.53,45.924,-1,-1,-1
242,62,540.585,297.71,270.83,614.58,53.174,-1,-1,-1
243,38,1522.29,425.97,123.42,280.06,51.615,-1,-1,-1
243,54,1756.415,398.935,103.17,234.13,45.102,-1,-1,-1
243,57,911.63,277.735,226.74,514.53,43.143,-1,-1,-1
243,62,557.0,317.345,250.0,567.31,67.92,-1,-1,-1
244,38,1521.29,421.97,123.42,280.06,56.749,-1,-1,-1
244,54,1752.415,398.935,103.17,234.13,58.0,-1,-1,-1
244,57,940.275,295.63,207.45,470.74,65.539,-1,-1,-1
244,62,559.0,314.345,250.0,567.31,73.255,-1,-1,-1
244,69,616.0,296.0,270.83,614.58,54.134,-1,-1,-1
245,38,1542.67,463.595,94.66,214.81,59.667,-1,-1,-1
245,54,1754.415,398.935,103.17,234.13,59.209,-1,-1,-1
245,57,940.63,276.735,226.74,514.53,83.904,-1,-1,-1
245,62,558.0,312.345,250.0,567.31,70.094,-1,-1,-1
245,69,643.0,313.345,250.0,567.31,43.84,-1,-1,-1
246,38,1534.315,441.365,113.37,257.27,69.146,-1,-1,-1
246,54,1755.415,398.935,103.17,234.13,70.648,-1,-1,-1
246,57,970.275,295.63,207.45,470.74,92.475,-1,-1,-1
246,62,568.0,311.345,250.0,567.31,63.761,-1,-1,-1
246,69,669.0,313.345,250.0,567.31,48.659,-1,-1,-1
246,70,920.0,322.0,207.45,470.74,50.174,-1,-1,-1
246,71,1567.0,455.0,113.37,257.27,43.107,-1,-1,-1
247,38,1525.29,425.97,123.42,280.06,71.644,-1,-1,-1
247,54,1756.415,398.935,103.17,234.13,72.448,-1,-1,-1
247,57,972.63,276.735,226.74,514.53,107.3,-1,-1,-1
247,62,574.0,310.345,250.0,567.31,54.694,-1,-1,-1
247,69,682.0,313.345,250.0,567.31,61.927,-1,-1,-1
247,70,1278.69,363.645,146.62,332.71,47.359,-1,-1,-1
247,71,1567.315,455.365,113.37,257.27,43.579,-1,-1,-1
248,38,1529.29,422.97,123.42,280.06,73.64,-1,-1,-1
248,54,1762.415,398.935,103.17,234.13,61.661,-1,-1,-1
248,57,991.275,295.63,207.45,470.74,87.094,-1,-1,-1
248,62,591.63,341.735,226.74,514.53,53.913,-1,-1,-1
248,69,711.0,313.345,250.0,567.31,63.775,-1,-1,-1
249,38,1532.29,420.97,123.42,280.06,69.95,-1,-1,-1
249,54,1767.415,398.935,103.17,234.13,61.328,-1,-1,-1
249,57,997.275,304.63,207.45,470.74,72.684,-1,-1,-1
249,62,595.0,314.345,250.0,567.31,55.969,-1,-1,-1
249,69,746.0,313.345,250.0,567.31,77.742,-1,-1,-1
249,72,1214.0,385.0,146.62,332.71,48.865,-1,-1,-1
250,38,1534.29,418.97,123.42,280.06,72.206,-1,-1,-1
250,54,1771.415,398.935,103.17,234.13,73.721,-1,-1,-1
250,57,1000.63,283.735,226.74,514.53,69.785,-1,-1,-1
250,62,605.63,344.735,226.74,514.53,55.166,-1,-1,-1
250,69,745.0,313.345,250.0,567.31,66.826,-1,-1,-1
250,72,1213.69,384.645,146.62,332.71,44.271,-1,-1,-1
250,73,940.0,354.0,175.68,398.65,45.978,-1,-1,-1
251,38,1538.315,432.365,113.37,257.27,66.55,-1,-1,-1
251,54,1773.415,398.935,103.17,234.13,80.756,-1,-1,-1
251,57,1009.63,284.735,226.74,514.53,73.465,-1,-1,-1
251,62,615.63,347.735,226.74,514.53,57.948,-1,-1,-1
251,69,760.0,313.345,250.0,567.31,77.678,-1,-1,-1
251,72,1213.69,384.645,146.62,332.71,46.288,-1,-1,-1
251,73,1561.315,454.365,113.37,257.27,49.358,-1,-1,-1
252,38,1536.315,433.365,113.37,257.27,62.552,-1,-1,-1
252,54,1775.415,398.935,103.17,234.13,72.66,-1,-1,-1
252,57,1025.275,301.63,207.45,470.74,79.114,-1,-1,-1
252,62,635.63,350.735,226.74,514.53,57.3,-1,-1,-1
252,69,769.0,313.345,250.0,567.31,83.759,-1,-1,-1
252,73,1567.315,455.365,113.37,257.27,42.842,-1,-1,-1
253,38,1535.315,434.365,113.37,257.27,65.2,-1,-1,-1
253,54,1781.415,398.935,103.17,234.13,78.832,-1,-1,-1
253,57,1042.34,323.195,189.32,429.61,76.126,-1,-1,-1
253,62,649.63,352.735,226.74,514.53,52.499,-1,-1,-1
253,69,773.0,313.345,250.0,567.31,85.146,-1,-1,-1
253,73,1569.315,455.365,113.37,257.27,41.455,-1,-1,-1
254,38,1534.315,435.365,113.37,257.27,63.18,-1,-1,-1
254,54,1786.415,398.935,103.17,234.13,84.901,-1,-1,-1
254,57,1044.275,309.63,207.45,470.74,68.907,-1,-1,-1
254,69,795.63,330.735,226.74,514.53,80.466,-1,-1,-1
254,73,1571.29,439.97,123.42,280.06,43.167,-1,-1,-1
255,38,1533.315,436.365,113.37,257.27,61.936,-1,-1,-1
255,54,1789.415,398.935,103.17,234.13,73.72,-1,-1,-1
255,57,1052.275,315.63,207.45,470.74,62.137,-1,-1,-1
255,69,797.0,306.345,250.0,567.31,87.098,-1,-1,-1
256,38,1532.315,437.365,113.37,257.27,63.767,-1,-1,-1
256,54,1791.415,398.935,103.17,234.13,67.917,-1,-1,-1
256,57,1068.275,319.63,207.45,470.74,58.528,-1,-1,-1
256,69,819.0,308.345,250.0,567.31,78.4,-1,-1,-1
256,74,696.0,353.0,207.45,470.74,59.288,-1,-1,-1
257,38,1532.315,438.365,113.37,257.27,65.681,-1,-1,-1
257,54,1792.415,398.935,103.17,234.13,63.998,-1,-1,-1
257,57,1079.275,322.63,207.45,470.74,61.964,-1,-1,-1
257,69,834.0,309.345,250.0,567.31,79.155,-1,-1,-1
257,74,696.275,352.63,207.45,470.74,68.849,-1,-1,-1
258,38,1532.315,444.365,113.37,257.27,56.524,-1,-1,-1
258,54,1793.415,398.935,103.17,234.13,57.501,-1,-1,-1
258,57,1110.08,358.65,159.84,362.7,61.491,-1,-1,-1
258,69,844.0,310.345,250.0,567.31,82.184,-1,-1,-1
258,74,717.275,352.63,207.45,470.74,89.863,-1,-1,-1
259,38,1532.315,443.365,113.37,257.27,58.283,-1,-1,-1
259,54,1799.67,409.595,94.66,214.81,52.629,-1,-1,-1
259,57,1122.08,344.65,159.84,362.7,66.924,-1,-1,-1
259,69,863.0,311.345,250.0,567.31,80.833,-1,-1,-1
259,74,728.275,352.63,207.45,470.74,71.624,-1,-1,-1
260,38,1532.315,442.365,113.37,257.27,63.058,-1,-1,-1
260,54,1806.67,409.595,94.66,214.81,57.255,-1,-1,-1
260,57,1130.08,333.65,159.84,362.7,69.906,-1,-1,-1
260,69,876.0,312.345,250.0,567.31,68.837,-1,-1,-1
260,74,752.275,352.63,207.45,470.74,80.602,-1,-1,-1
261,38,1536.415,457.935,103.17,234.13,63.207,-1,-1,-1
261,54,1811.67,409.595,94.66,214.81,59.796,-1,-1,-1
261,57,1126.34,305.195,189.32,429.61,53.508,-1,-1,-1
261,69,900.63,343.735,226.74,514.53,63.008,-1,-1,-1
261,74,763.275,352.63,207.45,470.74,104.1,-1,-1,-1
261,75,1646.0,478.0,103.17,234.13,43.114,-1,-1,-1
262,38,1535.415,460.935,103.17,234.13,68.206,-1,-1,-1
262,54,1815.67,409.595,94.66,214.81,59.085,-1,-1,-1
262,57,1122.275,295.63,207.45,470.74,58.055,-1,-1,-1
262,69,921.63,347.735,226.74,514.53,58.694,-1,-1,-1
262,74,768.275,352.63,207.45,470.74,101.81,-1,-1,-1
262,76,1324.0,576.0,56.686,128.63,51.032,-1,-1,-1
263,38,1534.415,462.935,103.17,234.13,67.057,-1,-1,-1
263,54,1822.67,409.595,94.66,214.81,51.806,-1,-1,-1
263,57,1124.275,304.63,207.45,470.74,56.661,-1,-1,-1
263,69,936.63,338.735,226.74,514.53,57.9,-1,-1,-1
263,74,785.275,352.63,207.45,470.74,82.295,-1,-1,-1
263,77,1671.0,529.0,79.918,181.35,57.38,-1,-1,-1
264,38,1530.315,447.365,113.37,257.27,74.933,-1,-1,-1
264,54,1827.67,409.595,94.66,214.81,60.4,-1,-1,-1
264,57,1124.275,312.63,207.45,470.74,66.695,-1,-1,-1
264,69,930.0,312.345,250.0,567.31,67.279,-1,-1,-1
264,74,795.275,352.63,207.45,470.74,78.347,-1,-1,-1
264,77,1683.041,529.325,79.918,181.35,47.062,-1,-1,-1
265,38,1530.315,444.365,113.37,257.27,75.668,-1,-1,-1
265,54,1830.67,409.595,94.66,214.81,51.628,-1,-1,-1
265,57,1135.275,317.63,207.45,470.74,65.851,-1,-1,-1
265,69,947.63,343.735,226.74,514.53,69.141,-1,-1,-1
265,74,801.275,352.63,207.45,470.74,75.401,-1,-1,-1
265,77,1683.041,529.325,79.918,181.35,56.401,-1,-1,-1
266,38,1530.315,442.365,113.37,257.27,73.314,-1,-1,-1
266,54,1832.67,409.595,94.66,214.81,46.997,-1,-1,-1
266,57,1143.275,321.63,207.45,470.74,58.28,-1,-1,-1
266,69,974.275,361.63,207.45,470.74,61.537,-1,-1,-1
266,74,817.275,352.63,207.45,470.74,82.308,-1,-1,-1
266,77,1691.041,537.325,79.918,181.35,59.498,-1,-1,-1
267,38,1531.315,440.365,113.37,257.27,68.863,-1,-1,-1
267,57,1172.16,348.675,175.68,398.65,58.347,-1,-1,-1
267,69,974.63,331.735,226.74,514.53,75.17,-1,-1,-1
267,74,827.275,352.63,207.45,470.74,71.982,-1,-1,-1
267,77,1695.041,541.325,79.918,181.35,51.557,-1,-1,-1
268,38,1531.315,438.365,113.37,257.27,75.035,-1,-1,-1
268,57,1168.275,316.63,207.45,470.74,61.812,-1,-1,-1
268,69,980.63,325.735,226.74,514.53,67.845,-1,-1,-1
268,74,845.275,352.63,207.45,470.74,57.488,-1,-1,-1
269,38,1531.315,437.365,113.37,257.27,65.744,-1,-1,-1
269,57,1190.16,344.675,175.68,398.65,58.444,-1,-1,-1
269,69,1006.275,347.63,207.45,470.74,53.582,-1,-1,-1
269,74,866.34,366.195,189.32,429.61,55.567,-1,-1,-1
270,38,1531.315,437.365,113.37,257.27,64.827,-1,-1,-1
270,57,1180.275,313.63,207.45,470.74,62.423,-1,-1,-1
270,69,1017.275,348.63,207.45,470.74,58.015,-1,-1,-1
270,74,874.34,361.195,189.32,429.61,53.667,-1,-1,-1
270,78,1713.0,536.0,73.864,167.61,43.222,-1,-1,-1
271,38,1531.315,437.365,113.37,257.27,56.539,-1,-1,-1
271,57,1184.275,316.63,207.45,470.74,64.029,-1,-1,-1
271,69,1035.275,349.63,207.45,470.74,72.29,-1,-1,-1
271,74,881.275,343.63,207.45,470.74,55.696,-1,-1,-1
271,78,1827.67,410.595,94.66,214.81,40.119,-1,-1,-1
272,38,1537.315,437.365,113.37,257.27,59.133,-1,-1,-1
272,57,1186.275,319.63,207.45,470.74,63.958,-1,-1,-1
272,69,1048.275,350.63,207.45,470.74,66.566,-1,-1,-1
272,74,892.275,346.63,207.45,470.74,50.587,-1,-1,-1
273,38,1542.315,437.365,113.37,257.27,55.737,-1,-1,-1
273,57,1206.34,336.195,189.32,429.61,61.722,-1,-1,-1
273,69,1059.63,324.735,226.74,514.53,62.8,-1,-1,-1
273,74,907.34,373.195,189.32,429.61,51.69,-1,-1,-1
273,79,1836.0,420.0,87.838,199.32,45.681,-1,-1,-1
274,38,1565.041,485.325,79.918,181.35,64.012,-1,-1,-1
274,57,1214.34,332.195,189.32,429.61,63.106,-1,-1,-1
274,69,1082.275,347.63,207.45,470.74,77.067,-1,-1,-1
274,74,913.275,353.63,207.45,470.74,48.371,-1,-1,-1
274,79,1843.67,409.595,94.66,214.81,42.588,-1,-1,-1
275,38,1570.041,493.325,79.918,181.35,73.863,-1,-1,-1
275,57,1219.34,329.195,189.32,429.61,62.268,-1,-1,-1
275,69,1091.275,348.63,207.45,470.74,87.358,-1,-1,-1
275,74,930.34,378.195,189.32,429.61,60.75,-1,-1,-1
276,38,1573.081,487.34000000000003,87.838,199.32,71.579,-1,-1,-1
276,57,1243.69,363.645,146.62,332.71,62.132,-1,-1,-1
276,69,1095.275,349.63,207.45,470.74,86.474,-1,-1,-1
276,74,935.34,381.195,189.32,429.61,49.577,-1,-1,-1
277,38,1565.315,453.365,113.37,257.27,75.133,-1,-1,-1
277,57,1252.29,359.355,135.42,307.29,55.456,-1,-1,-1
277,69,1108.275,350.63,207.45,470.74,85.817,-1,-1,-1
277,74,930.275,359.63,207.45,470.74,42.428,-1,-1,-1
278,38,1569.315,448.365,113.37,257.27,71.032,-1,-1,-1
278,57,1254.69,339.645,146.62,332.71,56.081,-1,-1,-1
278,69,1117.275,351.63,207.45,470.74,99.887,-1,-1,-1
278,74,949.34,371.195,189.32,429.61,57.211,-1,-1,-1
279,38,1571.315,444.365,113.37,257.27,62.153,-1,-1,-1
279,57,1287.081,377.34000000000003,87.838,199.32,46.453,-1,-1,-1
279,69,1122.275,352.63,207.45,470.74,98.948,-1,-1,-1
279,74,950.275,350.63,207.45,470.74,62.235,-1,-1,-1
280,38,1596.068,501.195,73.864,167.61,62.315,-1,-1,-1
280,57,1223.275,262.63,207.45,470.74,56.873,-1,-1,-1
280,69,1136.275,353.63,207.45,470.74,107.67,-1,-1,-1
280,74,956.275,350.63,207.45,470.74,41.972,-1,-1,-1
281,38,1593.081,492.34000000000003,87.838,199.32,56.159,-1,-1,-1
281,57,1220.275,281.63,207.45,470.74,61.419,-1,-1,-1
281,69,1146.275,353.63,207.45,470.74,113.4,-1,-1,-1
281,74,976.34,365.195,189.32,429.61,40.105,-1,-1,-1
282,38,1600.041,504.325,79.918,181.35,40.356,-1,-1,-1
282,57,1217.275,296.63,207.45,470.74,56.328,-1,-1,-1
282,69,1152.275,353.63,207.45,470.74,120.87,-1,-1,-1
282,74,984.34,360.195,189.32,429.61,51.093,-1,-1,-1
283,57,1226.275,308.63,207.45,470.74,46.464,-1,-1,-1
283,69,1167.275,353.63,207.45,470.74,118.33,-1,-1,-1
283,74,999.34,356.195,189.32,429.61,52.116,-1,-1,-1
283,80,1112.0,322.0,207.45,470.74,50.025,-1,-1,-1
284,57,1232.275,316.63,207.45,470.74,44.814,-1,-1,-1
284,69,1177.275,353.63,207.45,470.74,109.36,-1,-1,-1
284,74,1018.16,373.675,175.68,398.65,69.927,-1,-1,-1
285,57,1237.275,322.63,207.45,470.74,56.413,-1,-1,-1
285,69,1183.275,353.63,207.45,470.74,91.417,-1,-1,-1
285,74,1026.16,374.675,175.68,398.65,67.211,-1,-1,-1
286,69,1206.34,367.195,189.32,429.61,88.703,-1,-1,-1
286,74,1047.08,384.65,159.84,362.7,57.039,-1,-1,-1
287,69,1208.275,347.63,207.45,470.74,72.79,-1,-1,-1
287,74,1042.34,350.195,189.32,429.61,62.162,-1,-1,-1
288,69,1215.275,348.63,207.45,470.74,83.362,-1,-1,-1
288,74,1055.16,369.675,175.68,398.65,69.069,-1,-1,-1
289,69,1219.275,349.63,207.45,470.74,74.768,-1,-1,-1
289,74,1059.16,373.675,175.68,398.65,94.468,-1,-1,-1
289,81,1272.0,322.0,207.45,470.74,62.943,-1,-1,-1
290,69,1232.275,350.63,207.45,470.74,76.406,-1,-1,-1
290,74,1060.16,376.675,175.68,398.65,85.589,-1,-1,-1
291,69,1241.275,351.63,207.45,470.74,82.307,-1,-1,-1
291,74,1060.16,378.675,175.68,398.65,94.943,-1,-1,-1
291,82,1304.0,322.0,207.45,470.74,44.693,-1,-1,-1
291,83,1516.0,400.0,123.42,280.06,40.826,-1,-1,-1
292,69,1264.34,366.195,189.32,429.61,93.703,-1,-1,-1
292,74,1059.16,380.675,175.68,398.65,91.394,-1,-1,-1
292,83,1194.69,362.645,146.62,332.71,47.373,-1,-1,-1
293,69,1274.34,361.195,189.32,429.61,92.213,-1,-1,-1
293,74,1067.16,381.675,175.68,398.65,90.924,-1,-1,-1
293,83,1191.69,362.645,146.62,332.71,51.463,-1,-1,-1
293,84,1535.0,400.0,123.42,280.06,43.145,-1,-1,-1
294,69,1274.275,343.63,207.45,470.74,109.17,-1,-1,-1
294,74,1073.16,381.675,175.68,398.65,85.495,-1,-1,-1
294,83,1190.69,362.645,146.62,332.71,67.658,-1,-1,-1
294,84,1535.29,399.97,123.42,280.06,61.002,-1,-1,-1
294,85,1643.0,371.0,159.84,362.7,41.161,-1,-1,-1
295,69,1296.34,360.195,189.32,429.61,97.422,-1,-1,-1
295,74,1083.08,398.65,159.84,362.7,79.073,-1,-1,-1
295,83,1190.69,362.645,146.62,332.71,66.243,-1,-1,-1
295,84,1527.69,381.645,146.62,332.71,41.804,-1,-1,-1
295,85,1643.08,370.65,159.84,362.7,45.685,-1,-1,-1
296,69,1315.34,357.195,189.32,429.61,99.31,-1,-1,-1
296,74,1078.16,371.675,175.68,398.65,74.471,-1,-1,-1
296,83,1190.69,362.645,146.62,332.71,86.8,-1,-1,-1
296,84,1548.315,421.365,113.37,257.27,46.966,-1,-1,-1
296,85,1391.34,368.195,189.32,429.61,43.374,-1,-1,-1
296,86,1638.0,569.0,52.0,118.0,44.401,-1,-1,-1
297,69,1329.34,355.195,189.32,429.61,89.555,-1,-1,-1
297,74,1094.08,390.65,159.84,362.7,79.553,-1,-1,-1
297,83,1202.69,362.645,146.62,332.71,68.346,-1,-1,-1
297,84,1539.29,404.97,123.42,280.06,40.34,-1,-1,-1
297,86,1642.08,371.65,159.84,362.7,40.437,-1,-1,-1
298,69,1338.34,353.195,189.32,429.61,103.01,-1,-1,-1
298,74,1100.08,391.65,159.84,362.7,60.173,-1,-1,-1
298,83,1209.69,362.645,146.62,332.71,66.767,-1,-1,-1
298,87,1638.0,569.0,52.0,118.0,43.598,-1,-1,-1
299,69,1343.34,352.195,189.32,429.61,100.1,-1,-1,-1
299,74,1104.08,383.65,159.84,362.7,63.279,-1,-1,-1
299,83,1213.69,362.645,146.62,332.71,76.918,-1,-1,-1
299,87,1646.0,569.0,52.0,118.0,44.535,-1,-1,-1
299,88,1695.0,542.0,79.918,181.35,46.784,-1,-1,-1
299,89,1554.0,400.0,123.42,280.06,42.757,-1,-1,-1
300,69,1345.34,352.195,189.32,429.61,86.437,-1,-1,-1
300,74,1106.08,377.65,159.84,362.7,54.478,-1,-1,-1
300,83,1216.69,362.645,146.62,332.71,66.27,-1,-1,-1
300,88,1708.041,542.325,79.918,181.35,57.551,-1,-1,-1
300,89,1560.29,397.355,135.42,307.29,41.769,-1,-1,-1
301,69,1345.34,352.195,189.32,429.61,86.727,-1,-1,-1
301,74,1107.08,382.65,159.84,362.7,60.872,-1,-1,-1
301,83,1207.16,339.675,175.68,398.65,46.744,-1,-1,-1
301,88,1708.041,542.325,79.918,181.35,59.161,-1,-1,-1
301,89,1558.29,403.97,123.42,280.06,42.42,-1,-1,-1
302,69,1355.34,352.195,189.32,429.61,82.635,-1,-1,-1
302,74,1116.08,386.65,159.84,362.7,49.785,-1,-1,-1
302,83,1229.69,370.645,146.62,332.71,48.6,-1,-1,-1
302,88,1708.041,542.325,79.918,181.35,56.64,-1,-1,-1
303,69,1361.34,352.195,189.32,429.61,68.301,-1,-1,-1
303,74,1123.08,389.65,159.84,362.7,52.011,-1,-1,-1
303,83,1235.69,368.645,146.62,332.71,49.886,-1,-1,-1
303,88,1708.041,542.325,79.918,181.35,55.039,-1,-1,-1
304,69,1365.34,352.195,189.32,429.61,60.051,-1,-1,-1
304,74,1127.08,392.65,159.84,362.7,67.7,-1,-1,-1
304,83,1239.69,366.645,146.62,332.71,56.388,-1,-1,-1
304,88,1708.041,542.325,79.918,181.35,43.017,-1,-1,-1
304,90,1573.0,400.0,123.42,280.06,42.997,-1,-1,-1
305,69,1376.16,362.675,175.68,398.65,68.811,-1,-1,-1
305,74,1130.08,394.65,159.84,362.7,85.394,-1,-1,-1
305,83,1241.69,365.645,146.62,332.71,56.478,-1,-1,-1
305,90,1573.29,399.97,123.42,280.06,49.435,-1,-1,-1
306,69,1380.34,348.195,189.32,429.61,76.638,-1,-1,-1
306,74,1131.08,395.65,159.84,362.7,77.276,-1,-1,-1
306,83,1250.69,364.645,146.62,332.71,68.172,-1,-1,-1
306,90,1573.29,399.97,123.42,280.06,41.193,-1,-1,-1
306,91,1708.0,542.0,79.918,181.35,50.768,-1,-1,-1
307,69,1388.34,350.195,189.32,429.61,80.583,-1,-1,-1
307,74,1141.08,396.65,159.84,362.7,74.017,-1,-1,-1
307,83,1256.69,363.645,146.62,332.71,75.166,-1,-1,-1
307,91,1708.041,542.325,79.918,181.35,48.166,-1,-1,-1
308,69,1393.34,351.195,189.32,429.61,76.238,-1,-1,-1
308,74,1148.08,397.65,159.84,362.7,83.879,-1,-1,-1
308,83,1260.69,362.645,146.62,332.71,70.115,-1,-1,-1
308,91,1708.041,542.325,79.918,181.35,48.048,-1,-1,-1
309,69,1396.34,352.195,189.32,429.61,75.789,-1,-1,-1
309,74,1153.08,397.65,159.84,362.7,92.35,-1,-1,-1
309,83,1263.69,362.645,146.62,332.71,63.857,-1,-1,-1
309,91,1708.041,542.325,79.918,181.35,66.072,-1,-1,-1
310,69,1397.34,353.195,189.32,429.61,75.956,-1,-1,-1
310,74,1156.08,397.65,159.84,362.7,91.885,-1,-1,-1
310,83,1273.69,362.645,146.62,332.71,67.345,-1,-1,-1
310,91,1708.041,542.325,79.918,181.35,67.639,-1,-1,-1
311,69,1397.34,353.195,189.32,429.61,76.89,-1,-1,-1
311,74,1166.08,397.65,159.84,362.7,95.099,-1,-1,-1
311,83,1280.69,362.645,146.62,332.71,69.708,-1,-1,-1
311,91,1708.041,542.325,79.918,181.35,67.704,-1,-1,-1
312,69,1418.08,390.65,159.84,362.7,83.244,-1,-1,-1
312,74,1173.08,397.65,159.84,362.7,88.764,-1,-1,-1
312,83,1284.69,362.645,146.62,332.71,69.479,-1,-1,-1
312,91,1708.041,542.325,79.918,181.35,66.759,-1,-1,-1
313,69,1422.08,393.65,159.84,362.7,76.768,-1,-1,-1
313,74,1179.69,402.645,146.62,332.71,87.157,-1,-1,-1
313,83,1287.69,362.645,146.62,332.71,65.121,-1,-1,-1
313,91,1708.041,542.325,79.918,181.35,68.63,-1,-1,-1
314,69,1425.08,395.65,159.84,362.7,72.396,-1,-1,-1
314,74,1187.69,394.645,146.62,332.71,90.289,-1,-1,-1
314,83,1288.69,362.645,146.62,332.71,65.867,-1,-1,-1
314,91,1708.041,542.325,79.918,181.35,77.597,-1,-1,-1
315,69,1415.34,360.195,189.32,429.61,72.224,-1,-1,-1
315,74,1192.69,389.645,146.62,332.71,81.729,-1,-1,-1
315,83,1288.69,362.645,146.62,332.71,64.75,-1,-1,-1
315,91,1708.041,542.325,79.918,181.35,59.655,-1,-1,-1
316,69,1427.16,377.675,175.68,398.65,81.556,-1,-1,-1
316,74,1195.69,385.645,146.62,332.71,70.621,-1,-1,-1
316,83,1288.69,362.645,146.62,332.71,55.153,-1,-1,-1
316,91,1708.041,542.325,79.918,181.35,60.892,-1,-1,-1
317,69,1430.16,369.675,175.68,398.65,76.021,-1,-1,-1
317,74,1197.69,382.645,146.62,332.71,94.647,-1,-1,-1
317,83,1272.08,355.65,159.84,362.7,48.821,-1,-1,-1
317,91,1708.041,542.325,79.918,181.35,67.502,-1,-1,-1
318,69,1431.16,373.675,175.68,398.65,78.583,-1,-1,-1
318,74,1198.69,381.645,146.62,332.71,101.42,-1,-1,-1
318,83,1263.69,385.645,146.62,332.71,56.492,-1,-1,-1
318,91,1708.041,542.325,79.918,181.35,69.595,-1,-1,-1
319,69,1444.08,393.65,159.84,362.7,91.777,-1,-1,-1
319,74,1198.69,380.645,146.62,332.71,97.185,-1,-1,-1
319,83,1252.08,373.65,159.84,362.7,59.757,-1,-1,-1
319,91,1708.041,542.325,79.918,181.35,45.215,-1,-1,-1
320,69,1435.16,367.675,175.68,398.65,98.38,-1,-1,-1
320,74,1197.69,380.645,146.62,332.71,103.6,-1,-1,-1
320,83,1248.69,398.645,146.62,332.71,63.883,-1,-1,-1
320,91,1667.29,449.355,135.42,307.29,42.733,-1,-1,-1
320,92,1370.0,654.0,28.302,64.224,42.955,-1,-1,-1
321,69,1446.08,388.65,159.84,362.7,95.357,-1,-1,-1
321,74,1188.69,389.645,146.62,332.71,60.152,-1,-1,-1
321,83,1232.69,397.645,146.62,332.71,99.675,-1,-1,-1
321,91,1652.69,413.645,146.62,332.71,40.61,-1,-1,-1
321,93,1259.0,408.0,146.62,332.71,52.655,-1,-1,-1
321,94,1397.0,371.0,159.84,362.7,41.11,-1,-1,-1
322,69,1448.08,390.65,159.84,362.7,90.363,-1,-1,-1
322,74,1181.69,396.645,146.62,332.71,42.596,-1,-1,-1
322,83,1220.69,395.645,146.62,332.71,96.033,-1,-1,-1
322,91,1646.69,396.645,146.62,332.71,46.135,-1,-1,-1
322,93,1258.69,407.645,146.62,332.71,62.262,-1,-1,-1
322,94,1394.69,384.645,146.62,332.71,40.748,-1,-1,-1
323,69,1449.08,392.65,159.84,362.7,83.572,-1,-1,-1
323,74,1175.69,401.645,146.62,332.71,41.708,-1,-1,-1
323,83,1212.69,393.645,146.62,332.71,93.215,-1,-1,-1
323,91,1642.69,384.645,146.62,332.71,44.131,-1,-1,-1
323,93,1258.69,407.645,146.62,332.71,55.839,-1,-1,-1
324,69,1437.16,367.675,175.68,398.65,91.249,-1,-1,-1
324,74,1173.29,409.355,135.42,307.29,44.087,-1,-1,-1
324,83,1207.08,376.65,159.84,362.7,84.22,-1,-1,-1
325,69,1434.16,361.675,175.68,398.65,85.782,-1,-1,-1
325,74,1157.69,393.645,146.62,332.71,48.656,-1,-1,-1
325,83,1209.69,389.645,146.62,332.71,71.704,-1,-1,-1
325,95,1274.0,371.0,159.84,362.7,55.19,-1,-1,-1
325,96,1584.0,438.0,113.37,257.27,53.008,-1,-1,-1
326,69,1431.16,357.675,175.68,398.65,87.736,-1,-1,-1
326,74,1149.69,390.645,146.62,332.71,50.879,-1,-1,-1
326,83,1215.69,396.645,146.62,332.71,75.757,-1,-1,-1
326,95,1281.69,384.645,146.62,332.71,43.559,-1,-1,-1
326,96,1631.103,573.77,47.794,108.46,47.121,-1,-1,-1
326,97,1671.0,542.0,79.918,181.35,44.788,-1,-1,-1
327,69,1429.16,354.675,175.68,398.65,95.296,-1,-1,-1
327,74,1144.69,388.645,146.62,332.71,54.152,-1,-1,-1
327,83,1221.69,393.645,146.62,332.71,85.426,-1,-1,-1
327,95,1297.69,384.645,146.62,332.71,45.644,-1,-1,-1
327,96,1626.103,573.77,47.794,108.46,51.721,-1,-1,-1
327,97,1642.69,385.645,146.62,332.71,55.038,-1,-1,-1
328,69,1440.08,370.65,159.84,362.7,92.169,-1,-1,-1
328,74,1141.69,386.645,146.62,332.71,52.372,-1,-1,-1
328,83,1226.69,399.645,146.62,332.71,84.922,-1,-1,-1
328,95,1289.69,384.645,146.62,332.71,54.69,-1,-1,-1
328,96,1586.315,458.365,113.37,257.27,40.49,-1,-1,-1
328,97,1684.415,410.935,103.17,234.13,41.628,-1,-1,-1
328,98,1673.0,528.0,87.838,199.32,53.453,-1,-1,-1
329,69,1442.08,368.65,159.84,362.7,91.68,-1,-1,-1
329,74,1142.29,397.355,135.42,307.29,49.321,-1,-1,-1
329,83,1230.69,395.645,146.62,332.71,83.568,-1,-1,-1
329,95,1284.69,399.645,146.62,332.71,44.639,-1,-1,-1
329,96,1586.29,421.97,123.42,280.06,46.97,-1,-1,-1
329,98,1642.69,385.645,146.62,332.71,58.168,-1,-1,-1
330,69,1444.08,367.65,159.84,362.7,91.479,-1,-1,-1
330,74,1139.29,396.355,135.42,307.29,50.688,-1,-1,-1
330,83,1233.69,391.645,146.62,332.71,82.407,-1,-1,-1
330,95,1282.69,406.645,146.62,332.71,43.644,-1,-1,-1
330,96,1589.29,410.97,123.42,280.06,50.812,-1,-1,-1
330,98,1642.69,384.645,146.62,332.71,61.659,-1,-1,-1
330,99,1495.0,396.0,159.84,362.7,43.348,-1,-1,-1
331,69,1438.69,382.645,146.62,332.71,55.821,-1,-1,-1
331,74,1138.29,395.355,135.42,307.29,46.391,-1,-1,-1
331,83,1236.08,374.65,159.84,362.7,86.197,-1,-1,-1
331,96,1591.29,405.97,123.42,280.06,65.661,-1,-1,-1
331,98,1642.69,384.645,146.62,332.71,55.109,-1,-1,-1
331,99,1463.69,407.645,146.62,332.71,90.485,-1,-1,-1
332,69,1429.69,382.645,146.62,332.71,43.343,-1,-1,-1
332,74,1137.29,395.355,135.42,307.29,53.567,-1,-1,-1
332,83,1243.08,372.65,159.84,362.7,88.336,-1,-1,-1
332,96,1592.29,403.97,123.42,280.06,72.844,-1,-1,-1
332,98,1645.29,410.355,135.42,307.29,60.02,-1,-1,-1
332,99,1462.69,407.645,146.62,332.71,89.061,-1,-1,-1
332,100,1758.0,521.0,52.0,118.0,49.54,-1,-1,-1
333,69,1422.69,382.645,146.62,332.71,45.567,-1,-1,-1
333,74,1134.69,382.645,146.62,332.71,57.901,-1,-1,-1
333,83,1248.08,371.65,159.84,362.7,88.931,-1,-1,-1
333,96,1592.29,403.97,123.42,280.06,65.678,-1,-1,-1
333,98,1644.29,417.355,135.42,307.29,60.138,-1,-1,-1
333,99,1462.69,407.645,146.62,332.71,92.615,-1,-1,-1
334,69,1417.69,382.645,146.62,332.71,47.146,-1,-1,-1
334,74,1140.29,395.355,135.42,307.29,53.055,-1,-1,-1
334,83,1251.08,370.65,159.84,362.7,92.793,-1,-1,-1
334,96,1592.29,404.97,123.42,280.06,67.745,-1,-1,-1
334,98,1639.29,436.97,123.42,280.06,76.954,-1,-1,-1
334,99,1462.69,407.645,146.62,332.71,88.969,-1,-1,-1
334,101,1327.0,385.0,146.62,332.71,43.14,-1,-1,-1
335,69,1414.69,382.645,146.62,332.71,40.745,-1,-1,-1
335,74,1137.69,383.645,146.62,332.71,54.708,-1,-1,-1
335,83,1252.69,384.645,146.62,332.71,55.44,-1,-1,-1
335,96,1584.29,389.355,135.42,307.29,79.402,-1,-1,-1
335,98,1626.29,424.355,135.42,307.29,75.073,-1,-1,-1
335,99,1462.69,407.645,146.62,332.71,85.264,-1,-1,-1
335,101,1326.69,384.645,146.62,332.71,47.638,-1,-1,-1
335,102,1282.0,408.0,146.62,332.71,100.14,-1,-1,-1
336,69,1503.29,418.97,123.42,280.06,54.356,-1,-1,-1
336,74,1140.69,383.645,146.62,332.71,58.704,-1,-1,-1
336,96,1584.29,397.97,123.42,280.06,64.078,-1,-1,-1
336,98,1620.29,431.97,123.42,280.06,81.617,-1,-1,-1
336,99,1462.69,407.645,146.62,332.71,84.213,-1,-1,-1
336,101,1326.69,384.645,146.62,332.71,52.595,-1,-1,-1
336,102,1281.69,407.645,146.62,332.71,107.38,-1,-1,-1
337,69,1498.69,399.645,146.62,332.71,41.882,-1,-1,-1
337,74,1145.29,396.355,135.42,307.29,58.583,-1,-1,-1
337,96,1578.29,385.355,135.42,307.29,67.268,-1,-1,-1
337,98,1614.29,419.355,135.42,307.29,72.754,-1,-1,-1
337,99,1451.69,397.645,146.62,332.71,85.091,-1,-1,-1
337,102,1281.69,392.645,146.62,332.71,102.29,-1,-1,-1
338,69,1501.69,404.645,146.62,332.71,41.914,-1,-1,-1
338,74,1144.29,396.355,135.42,307.29,56.347,-1,-1,-1
338,96,1578.29,387.355,135.42,307.29,57.197,-1,-1,-1
338,98,1614.29,420.355,135.42,307.29,67.869,-1,-1,-1
338,99,1444.69,390.645,146.62,332.71,96.725,-1,-1,-1
338,102,1297.69,384.645,146.62,332.71,110.49,-1,-1,-1
338,103,1259.0,408.0,146.62,332.71,46.195,-1,-1,-1
339,69,1592.315,430.365,113.37,257.27,41.26,-1,-1,-1
339,74,1144.29,396.355,135.42,307.29,60.903,-1,-1,-1
339,96,1579.29,389.355,135.42,307.29,64.443,-1,-1,-1
339,98,1615.29,420.355,135.42,307.29,72.291,-1,-1,-1
339,99,1440.69,386.645,146.62,332.71,98.999,-1,-1,-1
339,102,1305.69,381.645,146.62,332.71,127.05,-1,-1,-1
340,69,1599.69,389.645,146.62,332.71,72.532,-1,-1,-1
340,74,1143.29,396.355,135.42,307.29,63.457,-1,-1,-1
340,96,1638.315,409.365,113.37,257.27,42.447,-1,-1,-1
340,98,1620.69,408.645,146.62,332.71,51.062,-1,-1,-1
340,99,1438.69,383.645,146.62,332.71,89.125,-1,-1,-1
340,102,1308.69,380.645,146.62,332.71,124.09,-1,-1,-1
341,69,1620.29,409.97,123.42,280.06,56.711,-1,-1,-1
341,74,1143.29,396.355,135.42,307.29,61.684,-1,-1,-1
341,96,1679.415,411.935,103.17,234.13,59.004,-1,-1,-1
341,98,1631.29,429.97,123.42,280.06,69.919,-1,-1,-1
341,99,1435.08,367.65,159.84,362.7,90.311,-1,-1,-1
341,102,1309.69,380.645,146.62,332.71,125.24,-1,-1,-1
342,69,1630.315,419.365,113.37,257.27,47.353,-1,-1,-1
342,74,1143.29,396.355,135.42,307.29,53.504,-1,-1,-1
342,96,1706.415,404.935,103.17,234.13,41.4,-1,-1,-1
342,98,1632.29,416.355,135.42,307.29,72.905,-1,-1,-1
342,99,1439.69,381.645,146.62,332.71,84.283,-1,-1,-1
342,102,1320.69,381.645,146.62,332.71,120.08,-1,-1,-1
342,104,1282.0,408.0,146.62,332.71,47.314,-1,-1,-1
343,69,1631.29,403.97,123.42,280.06,53.043,-1,-1,-1
343,74,1140.69,384.645,146.62,332.71,53.282,-1,-1,-1
343,96,1725.415,399.935,103.17,234.13,48.768,-1,-1,-1
343,98,1643.29,425.97,123.42,280.06,79.211,-1,-1,-1
343,99,1438.69,381.645,146.62,332.71,81.424,-1,-1,-1
343,102,1326.69,381.645,146.62,332.71,121.72,-1,-1,-1
344,69,1633.315,415.365,113.37,257.27,46.647,-1,-1,-1
344,74,1142.69,384.645,146.62,332.71,62.43,-1,-1,-1
344,96,1743.415,401.935,103.17,234.13,41.583,-1,-1,-1
344,98,1641.29,413.355,135.42,307.29,82.927,-1,-1,-1
344,99,1447.29,401.355,135.42,307.29,82.818,-1,-1,-1
344,102,1335.29,394.355,135.42,307.29,123.7,-1,-1,-1
345,69,1632.67,436.595,94.66,214.81,47.578,-1,-1,-1
345,74,1144.69,384.645,146.62,332.71,63.566,-1,-1,-1
345,98,1644.29,414.355,135.42,307.29,79.219,-1,-1,-1
345,99,1450.29,407.355,135.42,307.29,80.294,-1,-1,-1
345,102,1336.29,394.355,135.42,307.29,122.83,-1,-1,-1
346,69,1621.415,427.935,103.17,234.13,44.287,-1,-1,-1
346,74,1145.69,384.645,146.62,332.71,60.667,-1,-1,-1
346,98,1653.29,415.355,135.42,307.29,72.448,-1,-1,-1
346,99,1451.69,391.645,146.62,332.71,83.401,-1,-1,-1
346,102,1337.29,395.355,135.42,307.29,124.12,-1,-1,-1
347,69,1615.415,428.935,103.17,234.13,53.992,-1,-1,-1
347,74,1146.69,384.645,146.62,332.71,52.282,-1,-1,-1
347,98,1659.29,416.355,135.42,307.29,68.972,-1,-1,-1
347,99,1456.69,389.645,146.62,332.71,91.018,-1,-1,-1
347,102,1346.29,411.97,123.42,280.06,113.22,-1,-1,-1
348,69,1610.415,428.935,103.17,234.13,51.29,-1,-1,-1
348,74,1138.69,384.645,146.62,332.71,57.062,-1,-1,-1
348,98,1652.69,397.645,146.62,332.71,73.957,-1,-1,-1
348,99,1461.29,408.355,135.42,307.29,96.954,-1,-1,-1
348,102,1338.29,398.355,135.42,307.29,119.33,-1,-1,-1
348,105,1372.0,418.0,135.42,307.29,51.816,-1,-1,-1
348,106,1774.0,529.0,52.0,118.0,41.209,-1,-1,-1
349,69,1606.415,429.935,103.17,234.13,53.824,-1,-1,-1
349,74,1132.69,384.645,146.62,332.71,53.591,-1,-1,-1
349,98,1662.29,412.355,135.42,307.29,73.332,-1,-1,-1
349,99,1459.69,392.645,146.62,332.71,98.908,-1,-1,-1
349,102,1344.29,405.355,135.42,307.29,124.24,-1,-1,-1
349,106,1706.29,397.355,135.42,307.29,43.326,-1,-1,-1
350,69,1611.081,442.34000000000003,87.838,199.32,45.308,-1,-1,-1
350,74,1128.69,384.645,146.62,332.71,53.724,-1,-1,-1
350,98,1665.29,406.355,135.42,307.29,79.661,-1,-1,-1
350,99,1462.69,389.645,146.62,332.71,106.14,-1,-1,-1
350,102,1348.29,403.355,135.42,307.29,116.98,-1,-1,-1
350,107,1782.0,529.0,52.0,118.0,41.885,-1,-1,-1
351,69,1598.315,415.365,113.37,257.27,41.039,-1,-1,-1
351,74,1125.69,384.645,146.62,332.71,58.247,-1,-1,-1
351,98,1667.29,402.355,135.42,307.29,77.627,-1,-1,-1
351,99,1464.69,387.645,146.62,332.71,107.27,-1,-1,-1
351,102,1351.29,401.355,135.42,307.29,119.08,-1,-1,-1
351,107,1782.0,529.0,52.0,118.0,45.833,-1,-1,-1
352,69,1613.67,432.595,94.66,214.81,49.771,-1,-1,-1
352,74,1123.69,384.645,146.62,332.71,52.674,-1,-1,-1
352,98,1664.69,386.645,146.62,332.71,106.69,-1,-1,-1
352,99,1465.69,386.645,146.62,332.71,102.38,-1,-1,-1
352,102,1353.29,400.355,135.42,307.29,102.05,-1,-1,-1
353,69,1618.67,428.595,94.66,214.81,49.464,-1,-1,-1
353,74,1121.69,384.645,146.62,332.71,53.749,-1,-1,-1
353,98,1666.69,384.645,146.62,332.71,101.29,-1,-1,-1
353,99,1474.29,398.355,135.42,307.29,103.95,-1,-1,-1
353,102,1354.29,399.355,135.42,307.29,101.02,-1,-1,-1
354,69,1615.415,421.935,103.17,234.13,42.811,-1,-1,-1
354,74,1112.69,384.645,146.62,332.71,55.94,-1,-1,-1
354,98,1668.69,383.645,146.62,332.71,100.31,-1,-1,-1
354,99,1476.29,397.355,135.42,307.29,95.735,-1,-1,-1
354,102,1355.29,398.355,135.42,307.29,81.315,-1,-1,-1
355,74,1114.69,384.645,146.62,332.71,53.191,-1,-1,-1
355,98,1669.69,382.645,146.62,332.71,93.693,-1,-1,-1
355,99,1478.29,396.355,135.42,307.29,99.51,-1,-1,-1
355,102,1362.29,397.355,135.42,307.29,96.491,-1,-1,-1
356,74,1107.69,384.645,146.62,332.71,53.985,-1,-1,-1
356,98,1677.69,382.645,146.62,332.71,99.027,-1,-1,-1
356,99,1479.29,396.355,135.42,307.29,99.043,-1,-1,-1
356,102,1368.29,397.355,135.42,307.29,107.58,-1,-1,-1
356,108,1643.0,408.0,146.62,332.71,46.96,-1,-1,-1
357,74,1102.69,384.645,146.62,332.71,54.373,-1,-1,-1
357,98,1683.69,382.645,146.62,332.71,99.706,-1,-1,-1
357,99,1478.69,383.645,146.62,332.71,100.96,-1,-1,-1
357,102,1372.29,397.355,135.42,307.29,117.83,-1,-1,-1
357,108,1642.69,407.645,146.62,332.71,45.695,-1,-1,-1
358,74,1096.08,370.65,159.84,362.7,51.825,-1,-1,-1
358,98,1688.69,382.645,146.62,332.71,97.648,-1,-1,-1
358,99,1482.69,383.645,146.62,332.71,98.936,-1,-1,-1
358,102,1374.29,397.355,135.42,307.29,103.42,-1,-1,-1
358,108,1507.69,407.645,146.62,332.71,48.682,-1,-1,-1
359,74,1096.08,370.65,159.84,362.7,51.214,-1,-1,-1
359,98,1691.69,382.645,146.62,332.71,83.833,-1,-1,-1
359,99,1485.69,383.645,146.62,332.71,107.98,-1,-1,-1
359,102,1375.29,397.355,135.42,307.29,98.238,-1,-1,-1
359,108,1424.29,418.355,135.42,307.29,46.569,-1,-1,-1
359,109,1630.0,431.0,103.17,234.13,45.583,-1,-1,-1
360,74,1097.08,370.65,159.84,362.7,54.845,-1,-1,-1
360,98,1703.29,395.355,135.42,307.29,79.857,-1,-1,-1
360,99,1487.69,383.645,146.62,332.71,92.989,-1,-1,-1
360,102,1383.29,397.355,135.42,307.29,97.852,-1,-1,-1
360,108,1401.29,418.355,135.42,307.29,40.688,-1,-1,-1
360,109,1663.29,417.355,135.42,307.29,52.041,-1,-1,-1
360,110,1748.0,418.0,135.42,307.29,42.406,-1,-1,-1
361,74,1101.69,385.645,146.62,332.71,54.42,-1,-1,-1
361,98,1707.29,395.355,135.42,307.29,92.519,-1,-1,-1
361,99,1496.29,396.355,135.42,307.29,88.21,-1,-1,-1
361,102,1389.29,397.355,135.42,307.29,95.525,-1,-1,-1
361,108,1408.29,418.355,135.42,307.29,50.034,-1,-1,-1
361,109,1664.29,417.355,135.42,307.29,43.8,-1,-1,-1
361,110,1748.29,418.355,135.42,307.29,49.773,-1,-1,-1
362,74,1100.69,385.645,146.62,332.71,56.047,-1,-1,-1
362,98,1709.29,395.355,135.42,307.29,92.681,-1,-1,-1
362,99,1498.29,396.355,135.42,307.29,79.42,-1,-1,-1
362,102,1393.29,397.355,135.42,307.29,93.165,-1,-1,-1
362,108,1469.29,414.97,123.42,280.06,42.047,-1,-1,-1
362,109,1664.67,447.595,94.66,214.81,43.476,-1,-1,-1
362,110,1748.29,418.355,135.42,307.29,56.485,-1,-1,-1
363,74,1099.69,385.645,146.62,332.71,55.301,-1,-1,-1
363,98,1708.69,383.645,146.62,332.71,86.686,-1,-1,-1
363,99,1499.29,396.355,135.42,307.29,76.648,-1,-1,-1
363,102,1396.29,397.355,135.42,307.29,75.929,-1,-1,-1
363,109,1647.415,430.935,103.17,234.13,47.831,-1,-1,-1
364,74,1095.08,370.65,159.84,362.7,50.156,-1,-1,-1
364,98,1712.69,384.645,146.62,332.71,84.997,-1,-1,-1
364,99,1500.69,384.645,146.62,332.71,85.442,-1,-1,-1
364,102,1411.29,413.97,123.42,280.06,77.303,-1,-1,-1
364,109,1642.415,427.935,103.17,234.13,45.485,-1,-1,-1
365,74,1097.08,370.65,159.84,362.7,56.07,-1,-1,-1
365,98,1722.69,384.645,146.62,332.71,93.603,-1,-1,-1
365,99,1512.29,397.355,135.42,307.29,85.919,-1,-1,-1
365,102,1412.29,399.355,135.42,307.29,95.953,-1,-1,-1
365,109,1637.08,364.65,159.84,362.7,44.201,-1,-1,-1
366,74,1099.08,370.65,159.84,362.7,52.814,-1,-1,-1
366,98,1730.69,384.645,146.62,332.71,84.043,-1,-1,-1
366,99,1517.29,397.355,135.42,307.29,88.099,-1,-1,-1
366,102,1416.29,398.355,135.42,307.29,93.519,-1,-1,-1
366,109,1664.415,427.935,103.17,234.13,44.799,-1,-1,-1
366,111,70.0,552.0,67.474,153.11,44.492,-1,-1,-1
366,112,1477.0,418.0,135.42,307.29,43.46,-1,-1,-1
367,74,1100.08,370.65,159.84,362.7,45.29,-1,-1,-1
367,98,1735.69,384.645,146.62,332.71,101.79,-1,-1,-1
367,99,1520.29,397.355,135.42,307.29,93.196,-1,-1,-1
367,102,1426.29,397.355,135.42,307.29,87.744,-1,-1,-1
367,109,1650.08,364.65,159.84,362.7,44.932,-1,-1,-1
368,74,1101.08,370.65,159.84,362.7,52.439,-1,-1,-1
368,98,1738.69,384.645,146.62,332.71,84.008,-1,-1,-1
368,99,1529.29,397.355,135.42,307.29,91.007,-1,-1,-1
368,102,1433.29,397.355,135.42,307.29,103.52,-1,-1,-1
368,109,1680.415,421.935,103.17,234.13,44.309,-1,-1,-1
368,113,1497.0,418.0,135.42,307.29,54.317,-1,-1,-1
369,74,1087.16,353.675,175.68,398.65,70.783,-1,-1,-1
369,98,1748.69,384.645,146.62,332.71,80.496,-1,-1,-1
369,99,1536.29,397.355,135.42,307.29,98.524,-1,-1,-1
369,102,1438.29,397.355,135.42,307.29,110.84,-1,-1,-1
369,113,1497.29,418.355,135.42,307.29,45.951,-1,-1,-1
369,114,186.0,619.0,28.302,64.224,43.487,-1,-1,-1
370,74,1082.16,353.675,175.68,398.65,79.485,-1,-1,-1
370,98,1755.69,384.645,146.62,332.71,82.511,-1,-1,-1
370,99,1540.29,397.355,135.42,307.29,109.24,-1,-1,-1
370,102,1441.29,397.355,135.42,307.29,109.3,-1,-1,-1
370,113,1553.29,390.355,135.42,307.29,45.626,-1,-1,-1
370,115,1678.0,415.0,103.17,234.13,40.684,-1,-1,-1
371,74,1078.16,353.675,175.68,398.65,71.483,-1,-1,-1
371,98,1759.69,384.645,146.62,332.71,79.642,-1,-1,-1
371,99,1543.29,397.355,135.42,307.29,97.232,-1,-1,-1
371,102,1442.29,397.355,135.42,307.29,101.94,-1,-1,-1
371,113,1581.29,376.355,135.42,307.29,50.97,-1,-1,-1
372,74,1069.34,344.195,189.32,429.61,66.286,-1,-1,-1
372,98,1761.69,384.645,146.62,332.71,72.129,-1,-1,-1
372,99,1552.29,397.355,135.42,307.29,88.135,-1,-1,-1
372,102,1448.29,413.97,123.42,280.06,97.619,-1,-1,-1
373,74,1068.34,348.195,189.32,429.61,65.98,-1,-1,-1
373,98,1770.69,384.645,146.62,332.71,68.904,-1,-1,-1
373,99,1558.29,397.355,135.42,307.29,98.93,-1,-1,-1
373,102,1454.29,415.97,123.42,280.06,98.484,-1,-1,-1
374,74,1067.34,352.195,189.32,429.61,66.269,-1,-1,-1
374,98,1777.69,384.645,146.62,332.71,62.225,-1,-1,-1
374,99,1562.29,397.355,135.42,307.29,112.15,-1,-1,-1
374,102,1458.29,417.97,123.42,280.06,111.63,-1,-1,-1
375,74,1063.16,373.675,175.68,398.65,63.146,-1,-1,-1
375,98,1782.69,384.645,146.62,332.71,53.723,-1,-1,-1
375,99,1572.29,397.355,135.42,307.29,104.55,-1,-1,-1
375,102,1461.29,418.97,123.42,280.06,121.33,-1,-1,-1
376,74,1055.16,378.675,175.68,398.65,58.44,-1,-1,-1
376,98,1784.69,384.645,146.62,332.71,49.011,-1,-1,-1
376,99,1579.29,397.355,135.42,307.29,106.05,-1,-1,-1
376,102,1463.29,419.97,123.42,280.06,123.59,-1,-1,-1
377,74,1042.34,362.195,189.32,429.61,66.671,-1,-1,-1
377,98,1793.69,384.645,146.62,332.71,46.979,-1,-1,-1
377,99,1584.29,397.355,135.42,307.29,110.36,-1,-1,-1
377,102,1464.29,419.97,123.42,280.06,108.12,-1,-1,-1
378,74,1038.34,361.195,189.32,429.61,73.203,-1,-1,-1
378,99,1587.29,397.355,135.42,307.29,102.5,-1,-1,-1
378,102,1464.29,419.97,123.42,280.06,100.9,-1,-1,-1
379,74,1036.34,360.195,189.32,429.61,68.365,-1,-1,-1
379,99,1596.29,406.97,123.42,280.06,102.86,-1,-1,-1
379,102,1468.315,427.365,113.37,257.27,102.91,-1,-1,-1
379,116,1706.0,385.0,113.37,257.27,41.339,-1,-1,-1
380,74,1035.34,358.195,189.32,429.61,63.873,-1,-1,-1
380,99,1598.29,403.97,123.42,280.06,95.188,-1,-1,-1
380,102,1473.315,424.365,113.37,257.27,102.63,-1,-1,-1
380,116,1710.415,414.935,103.17,234.13,42.861,-1,-1,-1
381,74,1020.275,332.63,207.45,470.74,64.615,-1,-1,-1
381,99,1599.29,408.97,123.42,280.06,101.33,-1,-1,-1
381,102,1476.315,422.365,113.37,257.27,114.77,-1,-1,-1
381,116,1705.315,391.365,113.37,257.27,40.935,-1,-1,-1
381,117,1630.0,400.0,123.42,280.06,51.056,-1,-1,-1
382,74,1016.275,328.63,207.45,470.74,68.788,-1,-1,-1
382,99,1606.29,405.97,123.42,280.06,87.708,-1,-1,-1
382,102,1479.315,420.365,113.37,257.27,99.133,-1,-1,-1
382,116,1753.041,445.325,79.918,181.35,47.608,-1,-1,-1
382,117,1667.29,399.97,123.42,280.06,42.051,-1,-1,-1
383,74,1013.275,325.63,207.45,470.74,71.774,-1,-1,-1
383,99,1610.29,403.97,123.42,280.06,84.249,-1,-1,-1
383,102,1480.315,419.365,113.37,257.27,94.743,-1,-1,-1
383,116,1767.081,445.34000000000003,87.838,199.32,52.053,-1,-1,-1
383,117,1668.29,399.97,123.42,280.06,40.442,-1,-1,-1
384,74,1012.275,322.63,207.45,470.74,63.701,-1,-1,-1
384,99,1613.29,401.97,123.42,280.06,69.682,-1,-1,-1
384,102,1481.315,418.365,113.37,257.27,98.039,-1,-1,-1
384,116,1775.081,449.34000000000003,87.838,199.32,53.725,-1,-1,-1
385,74,1015.34,346.195,189.32,429.61,56.716,-1,-1,-1
385,99,1621.315,415.365,113.37,257.27,70.938,-1,-1,-1
385,102,1478.29,403.97,123.42,280.06,103.37,-1,-1,-1
385,116,1778.081,450.34000000000003,87.838,199.32,56.903,-1,-1,-1
385,118,1668.0,400.0,123.42,280.06,47.231,-1,-1,-1
386,74,1019.16,358.675,175.68,398.65,51.761,-1,-1,-1
386,99,1623.315,416.365,113.37,257.27,76.074,-1,-1,-1
386,102,1479.29,401.97,123.42,280.06,104.82,-1,-1,-1
386,118,1668.29,399.97,123.42,280.06,43.633,-1,-1,-1
387,74,994.275,321.63,207.45,470.74,50.108,-1,-1,-1
387,99,1624.29,402.97,123.42,280.06,80.669,-1,-1,-1
387,102,1480.29,399.97,123.42,280.06,107.48,-1,-1,-1
388,74,987.275,320.63,207.45,470.74,59.4,-1,-1,-1
388,99,1629.29,401.97,123.42,280.06,93.024,-1,-1,-1
388,102,1490.315,413.365,113.37,257.27,113.45,-1,-1,-1
389,74,982.275,320.63,207.45,470.74,54.079,-1,-1,-1
389,99,1632.29,400.97,123.42,280.06,87.533,-1,-1,-1
389,102,1494.315,415.365,113.37,257.27,108.98,-1,-1,-1
389,119,458.0,354.0,189.32,429.61,43.886,-1,-1,-1
389,120,1668.0,419.0,123.42,280.06,40.828,-1,-1,-1
390,74,979.275,320.63,207.45,470.74,53.779,-1,-1,-1
390,99,1639.315,414.365,113.37,257.27,97.126,-1,-1,-1
390,102,1497.315,416.365,113.37,257.27,110.01,-1,-1,-1
390,120,1687.29,399.97,123.42,280.06,52.636,-1,-1,-1
391,74,978.275,320.63,207.45,470.74,54.288,-1,-1,-1
391,99,1635.29,408.97,123.42,280.06,104.48,-1,-1,-1
391,102,1495.29,402.97,123.42,280.06,109.39,-1,-1,-1
391,120,1674.29,399.97,123.42,280.06,76.57,-1,-1,-1
392,74,978.275,320.63,207.45,470.74,53.162,-1,-1,-1
392,99,1628.29,412.97,123.42,280.06,52.419,-1,-1,-1
392,102,1507.315,416.365,113.37,257.27,119.5,-1,-1,-1
392,120,1655.29,399.97,123.42,280.06,100.92,-1,-1,-1
393,74,978.275,320.63,207.45,470.74,54.972,-1,-1,-1
393,99,1622.29,415.97,123.42,280.06,57.266,-1,-1,-1
393,102,1512.315,417.365,113.37,257.27,114.82,-1,-1,-1
393,120,1646.29,399.97,123.42,280.06,107.57,-1,-1,-1
393,121,1706.0,400.0,123.42,280.06,47.07,-1,-1,-1
393,122,1804.0,468.0,73.864,167.61,45.315,-1,-1,-1
394,74,967.275,320.63,207.45,470.74,59.801,-1,-1,-1
394,99,1204.275,322.63,207.45,470.74,40.303,-1,-1,-1
394,102,1515.315,418.365,113.37,257.27,110.98,-1,-1,-1
394,120,1643.29,399.97,123.42,280.06,98.794,-1,-1,-1
394,121,1687.29,380.97,123.42,280.06,45.033,-1,-1,-1
395,74,959.275,320.63,207.45,470.74,73.977,-1,-1,-1
395,102,1528.415,430.935,103.17,234.13,94.313,-1,-1,-1
395,120,1632.29,409.97,123.42,280.06,41.83,-1,-1,-1
395,121,1674.29,393.97,123.42,280.06,92.073,-1,-1,-1
395,123,1823.0,484.0,61.514,139.59,42.123,-1,-1,-1
395,124,684.0,556.0,33.737,76.557,41.712,-1,-1,-1
396,74,953.275,320.63,207.45,470.74,69.912,-1,-1,-1
396,102,1529.315,420.365,113.37,257.27,95.208,-1,-1,-1
396,121,1668.29,399.97,123.42,280.06,91.275,-1,-1,-1
396,125,1166.0,456.0,79.918,181.35,42.664,-1,-1,-1
397,74,936.63,305.735,226.74,514.53,70.988,-1,-1,-1
397,102,1537.415,431.935,103.17,234.13,94.873,-1,-1,-1
397,121,1665.29,401.97,123.42,280.06,87.449,-1,-1,-1
398,74,919.63,310.735,226.74,514.53,75.333,-1,-1,-1
398,102,1539.415,431.935,103.17,234.13,104.26,-1,-1,-1
398,121,1664.29,402.97,123.42,280.06,91.303,-1,-1,-1
398,126,568.0,290.0,207.45,470.74,41.851,-1,-1,-1
399,74,906.63,314.735,226.74,514.53,82.119,-1,-1,-1
399,102,1546.415,431.935,103.17,234.13,120.37,-1,-1,-1
399,121,1664.29,402.97,123.42,280.06,102.43,-1,-1,-1
400,74,897.63,317.735,226.74,514.53,74.062,-1,-1,-1
400,102,1551.415,431.935,103.17,234.13,119.76,-1,-1,-1
400,121,1673.29,402.97,123.42,280.06,90.479,-1,-1,-1
400,127,600.0,322.0,207.45,470.74,54.634,-1,-1,-1
401,74,892.63,319.735,226.74,514.53,68.533,-1,-1,-1
401,102,1554.415,431.935,103.17,234.13,107.53,-1,-1,-1
401,121,1679.29,402.97,123.42,280.06,89.85,-1,-1,-1
401,128,1838.0,538.0,40.123,91.049,41.25,-1,-1,-1
402,74,876.63,320.735,226.74,514.53,50.757,-1,-1,-1
402,102,1556.415,431.935,103.17,234.13,103.06,-1,-1,-1
402,121,1683.29,402.97,123.42,280.06,98.348,-1,-1,-1
403,74,865.63,321.735,226.74,514.53,58.687,-1,-1,-1
403,102,1562.415,431.935,103.17,234.13,98.778,-1,-1,-1
403,121,1686.29,401.97,123.42,280.06,87.634,-1,-1,-1
403,129,1535.0,415.0,103.17,234.13,53.182,-1,-1,-1
404,74,858.63,321.735,226.74,514.53,62.699,-1,-1,-1
404,102,1566.415,431.935,103.17,234.13,104.38,-1,-1,-1
404,121,1688.29,401.97,123.42,280.06,88.918,-1,-1,-1
404,129,1535.415,414.935,103.17,234.13,46.307,-1,-1,-1
404,130,662.0,325.0,189.32,429.61,40.273,-1,-1,-1
405,74,854.63,321.735,226.74,514.53,81.904,-1,-1,-1
405,102,1569.415,431.935,103.17,234.13,105.7,-1,-1,-1
405,121,1696.29,401.97,123.42,280.06,83.003,-1,-1,-1
405,130,1658.29,418.97,123.42,280.06,40.826,-1,-1,-1
406,74,852.63,320.735,226.74,514.53,77.379,-1,-1,-1
406,102,1571.415,431.935,103.17,234.13,103.16,-1,-1,-1
406,121,1702.29,400.97,123.42,280.06,91.38,-1,-1,-1
406,130,1010.16,337.675,175.68,398.65,40.295,-1,-1,-1
407,74,839.63,320.735,226.74,514.53,61.75,-1,-1,-1
407,102,1577.415,431.935,103.17,234.13,104.83,-1,-1,-1
407,121,1706.29,400.97,123.42,280.06,83.106,-1,-1,-1
407,131,1759.0,403.0,113.37,257.27,47.273,-1,-1,-1
408,74,825.0,287.345,250.0,567.31,56.117,-1,-1,-1
408,102,1582.415,431.935,103.17,234.13,109.28,-1,-1,-1
408,121,1712.315,415.365,113.37,257.27,75.998,-1,-1,-1
408,131,1741.315,403.365,113.37,257.27,59.61,-1,-1,-1
408,132,1230.0,457.0,52.0,118.0,48.258,-1,-1,-1
408,133,1776.0,385.0,113.37,257.27,47.355,-1,-1,-1
408,134,1678.0,465.0,52.0,118.0,41.228,-1,-1,-1
409,74,824.0,282.345,250.0,567.31,43.874,-1,-1,-1
409,102,1585.415,431.935,103.17,234.13,96.094,-1,-1,-1
409,121,1712.315,417.365,113.37,257.27,76.43,-1,-1,-1
409,131,1741.315,403.365,113.37,257.27,67.027,-1,-1,-1
409,133,1776.315,385.365,113.37,257.27,61.346,-1,-1,-1
409,134,1675.103,470.77,47.794,108.46,44.587,-1,-1,-1
410,74,816.63,310.735,226.74,514.53,53.286,-1,-1,-1
410,102,1592.415,431.935,103.17,234.13,108.58,-1,-1,-1
410,121,1711.315,419.365,113.37,257.27,83.827,-1,-1,-1
410,131,1753.315,403.365,113.37,257.27,67.149,-1,-1,-1
411,74,802.63,312.735,226.74,514.53,61.955,-1,-1,-1
411,102,1597.415,431.935,103.17,234.13,111.88,-1,-1,-1
411,121,1710.315,420.365,113.37,257.27,88.043,-1,-1,-1
411,131,1759.315,403.365,113.37,257.27,70.767,-1,-1,-1
412,74,793.63,314.735,226.74,514.53,67.205,-1,-1,-1
412,102,1601.415,431.935,103.17,234.13,96.869,-1,-1,-1
412,121,1709.315,421.365,113.37,257.27,85.664,-1,-1,-1
412,131,1761.315,403.365,113.37,257.27,63.242,-1,-1,-1
412,135,1630.0,415.0,103.17,234.13,41.338,-1,-1,-1
413,74,787.63,315.735,226.74,514.53,70.118,-1,-1,-1
413,102,1609.415,431.935,103.17,234.13,90.341,-1,-1,-1
413,121,1712.29,406.97,123.42,280.06,78.55,-1,-1,-1
414,74,784.63,316.735,226.74,514.53,74.885,-1,-1,-1
414,102,1614.415,431.935,103.17,234.13,87.06,-1,-1,-1
414,121,1721.315,419.365,113.37,257.27,85.513,-1,-1,-1
414,136,1759.0,403.0,113.37,257.27,54.164,-1,-1,-1
415,74,783.63,317.735,226.74,514.53,58.067,-1,-1,-1
415,102,1618.415,431.935,103.17,234.13,110.98,-1,-1,-1
415,121,1724.315,419.365,113.37,257.27,107.28,-1,-1,-1
415,136,1776.315,403.365,113.37,257.27,57.579,-1,-1,-1
416,74,763.0,286.345,250.0,567.31,61.085,-1,-1,-1
416,102,1620.415,431.935,103.17,234.13,97.874,-1,-1,-1
416,121,1726.315,419.365,113.37,257.27,114.97,-1,-1,-1
416,136,1776.315,403.365,113.37,257.27,69.122,-1,-1,-1
417,74,757.0,281.345,250.0,567.31,62.953,-1,-1,-1
417,102,1626.415,431.935,103.17,234.13,104.08,-1,-1,-1
417,121,1724.29,404.97,123.42,280.06,101.35,-1,-1,-1
417,136,1776.315,403.365,113.37,257.27,66.76,-1,-1,-1
417,137,1599.0,415.0,103.17,234.13,46.138,-1,-1,-1
418,74,753.0,278.345,250.0,567.31,68.53,-1,-1,-1
418,102,1630.415,425.935,103.17,234.13,89.464,-1,-1,-1
418,121,1735.315,417.365,113.37,257.27,110.0,-1,-1,-1
418,136,1776.315,403.365,113.37,257.27,60.168,-1,-1,-1
419,74,751.0,276.345,250.0,567.31,66.276,-1,-1,-1
419,102,1633.415,420.935,103.17,234.13,89.633,-1,-1,-1
419,121,1739.315,418.365,113.37,257.27,107.78,-1,-1,-1
419,136,1776.315,403.365,113.37,257.27,69.699,-1,-1,-1
420,74,737.585,251.70999999999998,270.83,614.58,70.626,-1,-1,-1
420,102,1634.415,416.935,103.17,234.13,101.32,-1,-1,-1
420,121,1742.315,419.365,113.37,257.27,89.055,-1,-1,-1
420,136,1776.315,403.365,113.37,257.27,77.045,-1,-1,-1
421,74,735.585,251.70999999999998,270.83,614.58,58.991,-1,-1,-1
421,102,1640.415,414.935,103.17,234.13,101.74,-1,-1,-1
421,121,1753.415,430.935,103.17,234.13,83.894,-1,-1,-1
421,136,1784.415,414.935,103.17,234.13,49.555,-1,-1,-1
422,74,720.0,288.345,250.0,567.31,57.849,-1,-1,-1
422,102,1645.415,412.935,103.17,234.13,109.83,-1,-1,-1
422,121,1754.315,419.365,113.37,257.27,92.704,-1,-1,-1
422,136,1786.315,403.365,113.37,257.27,48.547,-1,-1,-1
422,138,1678.0,431.0,103.17,234.13,43.467,-1,-1,-1
423,74,701.0,298.345,250.0,567.31,54.393,-1,-1,-1
423,102,1648.415,411.935,103.17,234.13,107.84,-1,-1,-1
423,121,1759.315,419.365,113.37,257.27,86.593,-1,-1,-1
423,136,1790.315,403.365,113.37,257.27,49.685,-1,-1,-1
424,74,687.0,306.345,250.0,567.31,51.122,-1,-1,-1
424,102,1655.415,417.935,103.17,234.13,113.51,-1,-1,-1
424,121,1762.315,419.365,113.37,257.27,85.445,-1,-1,-1
424,136,1793.315,403.365,113.37,257.27,50.811,-1,-1,-1
424,139,1630.0,415.0,103.17,234.13,50.5,-1,-1,-1
425,74,662.585,290.71,270.83,614.58,50.97,-1,-1,-1
425,102,1660.415,422.935,103.17,234.13,110.95,-1,-1,-1
425,121,1763.315,419.365,113.37,257.27,91.633,-1,-1,-1
425,136,1795.315,403.365,113.37,257.27,46.796,-1,-1,-1
425,139,912.08,346.65,159.84,362.7,41.85,-1,-1,-1
426,74,637.585,295.71,270.83,614.58,42.499,-1,-1,-1
426,102,1664.415,426.935,103.17,234.13,106.37,-1,-1,-1
426,121,1770.315,413.365,113.37,257.27,86.024,-1,-1,-1
426,139,917.69,362.645,146.62,332.71,58.793,-1,-1,-1
427,74,620.585,298.71,270.83,614.58,46.636,-1,-1,-1
427,102,1666.415,423.935,103.17,234.13,99.38,-1,-1,-1
427,121,1775.315,409.365,113.37,257.27,88.692,-1,-1,-1
427,139,917.69,362.645,146.62,332.71,47.46,-1,-1,-1
428,74,608.585,300.71,270.83,614.58,49.809,-1,-1,-1
428,102,1667.415,420.935,103.17,234.13,114.56,-1,-1,-1
428,121,1780.415,422.935,103.17,234.13,101.67,-1,-1,-1
428,139,932.69,362.645,146.62,332.71,47.597,-1,-1,-1
428,140,1811.0,403.0,113.37,257.27,45.06,-1,-1,-1
429,74,586.585,301.71,270.83,614.58,56.58,-1,-1,-1
429,102,1673.415,418.935,103.17,234.13,104.38,-1,-1,-1
429,121,1780.415,424.935,103.17,234.13,112.74,-1,-1,-1
429,139,1349.415,422.935,103.17,234.13,53.791,-1,-1,-1
429,140,1811.315,403.365,113.37,257.27,44.798,-1,-1,-1
430,74,571.585,301.71,270.83,614.58,56.429,-1,-1,-1
430,102,1672.315,405.365,113.37,257.27,95.659,-1,-1,-1
430,121,1779.415,426.935,103.17,234.13,101.17,-1,-1,-1
430,140,1811.315,403.365,113.37,257.27,47.893,-1,-1,-1
431,74,562.585,301.71,270.83,614.58,58.164,-1,-1,-1
431,102,1674.315,404.365,113.37,257.27,88.436,-1,-1,-1
431,121,1772.415,422.935,103.17,234.13,41.892,-1,-1,-1
431,140,1798.415,425.935,103.17,234.13,90.246,-1,-1,-1
432,74,598.275,401.63,207.45,470.74,52.01,-1,-1,-1
432,102,1675.315,403.365,113.37,257.27,91.736,-1,-1,-1
432,121,1770.315,414.365,113.37,257.27,96.78,-1,-1,-1
432,140,1801.315,409.365,113.37,257.27,55.365,-1,-1,-1
433,102,1681.415,413.935,103.17,234.13,83.767,-1,-1,-1
433,121,1772.315,416.365,113.37,257.27,81.217,-1,-1,-1
433,140,1805.315,406.365,113.37,257.27,55.03,-1,-1,-1
434,102,1687.415,419.935,103.17,234.13,88.042,-1,-1,-1
434,121,1776.415,423.935,103.17,234.13,85.707,-1,-1,-1
434,140,1808.315,404.365,113.37,257.27,57.191,-1,-1,-1
434,141,532.0,296.0,270.83,614.58,40.214,-1,-1,-1
435,102,1692.415,423.935,103.17,234.13,97.749,-1,-1,-1
435,121,1758.415,419.935,103.17,234.13,45.89,-1,-1,-1
435,140,1793.29,395.97,123.42,280.06,75.193,-1,-1,-1
435,141,531.585,254.70999999999998,270.83,614.58,44.707,-1,-1,-1
436,102,1695.415,426.935,103.17,234.13,84.519,-1,-1,-1
436,121,1744.415,416.935,103.17,234.13,55.699,-1,-1,-1
436,140,1796.415,416.935,103.17,234.13,69.177,-1,-1,-1
436,141,1423.315,413.365,113.37,257.27,42.304,-1,-1,-1
437,102,1702.415,423.935,103.17,234.13,86.406,-1,-1,-1
437,121,1742.315,403.365,113.37,257.27,59.825,-1,-1,-1
437,140,1213.585,254.70999999999998,270.83,614.58,50.412,-1,-1,-1
437,141,1818.315,403.365,113.37,257.27,64.437,-1,-1,-1
438,102,1708.415,420.935,103.17,234.13,94.496,-1,-1,-1
438,121,1746.315,402.365,113.37,257.27,53.331,-1,-1,-1
438,140,1111.69,386.645,146.62,332.71,46.217,-1,-1,-1
438,141,1956.29,392.97,123.42,280.06,82.286,-1,-1,-1
438,142,490.0,296.0,270.83,614.58,43.698,-1,-1,-1
439,102,1712.415,418.935,103.17,234.13,89.042,-1,-1,-1
439,121,1749.315,401.365,113.37,257.27,42.571,-1,-1,-1
439,140,1007.08,373.65,159.84,362.7,46.001,-1,-1,-1
439,142,1789.29,400.97,123.42,280.06,69.353,-1,-1,-1
440,102,1720.415,416.935,103.17,234.13,97.919,-1,-1,-1
440,121,1758.315,401.365,113.37,257.27,62.962,-1,-1,-1
440,140,953.69,388.645,146.62,332.71,62.169,-1,-1,-1
440,142,1814.29,399.97,123.42,280.06,53.929,-1,-1,-1
440,143,1678.0,415.0,103.17,234.13,45.301,-1,-1,-1
441,102,1725.415,415.935,103.17,234.13,107.46,-1,-1,-1
441,121,1761.415,418.935,103.17,234.13,62.975,-1,-1,-1
441,142,1811.29,399.97,123.42,280.06,54.85,-1,-1,-1
441,143,1683.67,424.595,94.66,214.81,41.104,-1,-1,-1
441,144,1079.0,385.0,146.62,332.71,51.771,-1,-1,-1
442,102,1729.415,414.935,103.17,234.13,100.23,-1,-1,-1
442,121,1767.67,427.595,94.66,214.81,60.885,-1,-1,-1
442,144,1078.69,384.645,146.62,332.71,66.507,-1,-1,-1
443,102,1739.67,424.595,94.66,214.81,96.721,-1,-1,-1
443,121,1769.67,432.595,94.66,214.81,66.524,-1,-1,-1
443,144,1093.69,370.645,146.62,332.71,56.97,-1,-1,-1
443,145,1713.0,440.0,94.66,214.81,46.275,-1,-1,-1
444,102,1741.415,414.935,103.17,234.13,105.79,-1,-1,-1
444,121,1769.415,426.935,103.17,234.13,43.65,-1,-1,-1
444,145,1819.29,380.97,123.42,280.06,45.226,-1,-1,-1
445,102,1745.415,414.935,103.17,234.13,99.857,-1,-1,-1
445,121,1771.415,429.935,103.17,234.13,51.172,-1,-1,-1
445,145,1811.29,373.355,135.42,307.29,55.617,-1,-1,-1
445,146,1101.0,363.0,146.62,332.71,57.395,-1,-1,-1
446,102,1747.415,414.935,103.17,234.13,83.605,-1,-1,-1
446,145,1806.29,383.97,123.42,280.06,69.121,-1,-1,-1
446,146,1122.29,376.355,135.42,307.29,58.638,-1,-1,-1
447,102,1753.415,419.935,103.17,234.13,65.987,-1,-1,-1
447,145,1801.29,393.97,123.42,280.06,70.375,-1,-1,-1
447,146,1121.69,363.645,146.62,332.71,50.55,-1,-1,-1
447,147,1706.0,403.0,113.37,257.27,40.171,-1,-1,-1
448,102,1757.415,423.935,103.17,234.13,73.003,-1,-1,-1
448,145,1797.315,405.365,113.37,257.27,58.48,-1,-1,-1
448,146,1124.29,376.355,135.42,307.29,40.02,-1,-1,-1
449,102,1751.315,410.365,113.37,257.27,62.353,-1,-1,-1
449,145,1783.29,397.97,123.42,280.06,53.34,-1,-1,-1
450,102,1756.315,408.365,113.37,257.27,71.133,-1,-1,-1
450,145,1475.69,379.645,146.62,332.71,50.855,-1,-1,-1
451,102,1751.29,390.97,123.42,280.06,42.332,-1,-1,-1
451,148,1782.0,400.0,123.42,280.06,58.085,-1,-1,-1
451,149,1164.0,376.0,135.42,307.29,48.774,-1,-1,-1
452,102,1759.315,401.365,113.37,257.27,62.763,-1,-1,-1
452,148,1819.29,380.97,123.42,280.06,47.343,-1,-1,-1
452,149,1164.29,376.355,135.42,307.29,55.718,-1,-1,-1
453,102,1754.315,401.365,113.37,257.27,62.828,-1,-1,-1
453,148,1807.29,380.97,123.42,280.06,50.542,-1,-1,-1
453,149,1177.29,376.355,135.42,307.29,52.062,-1,-1,-1
454,102,1750.315,401.365,113.37,257.27,67.365,-1,-1,-1
454,148,1801.29,380.97,123.42,280.06,60.051,-1,-1,-1
454,149,1184.29,376.355,135.42,307.29,60.104,-1,-1,-1
455,102,1738.29,392.97,123.42,280.06,64.485,-1,-1,-1
455,149,1186.29,376.355,135.42,307.29,50.709,-1,-1,-1
456,102,1741.315,404.365,113.37,257.27,69.475,-1,-1,-1
456,149,1199.29,376.355,135.42,307.29,42.605,-1,-1,-1
457,102,1731.29,395.97,123.42,280.06,57.293,-1,-1,-1
457,149,1206.29,376.355,135.42,307.29,49.593,-1,-1,-1
457,150,1763.0,381.0,123.42,280.06,62.579,-1,-1,-1
458,102,1720.29,397.97,123.42,280.06,44.13,-1,-1,-1
458,149,1209.29,376.355,135.42,307.29,44.544,-1,-1,-1
458,150,1759.315,403.365,113.37,257.27,66.306,-1,-1,-1
459,102,1712.29,398.97,123.42,280.06,59.15,-1,-1,-1
459,150,1760.29,384.97,123.42,280.06,46.993,-1,-1,-1
459,151,131.0,527.0,226.74,514.53,48.998,-1,-1,-1
460,102,1704.315,408.365,113.37,257.27,69.208,-1,-1,-1
460,150,1762.315,399.365,113.37,257.27,80.345,-1,-1,-1
460,151,96.63,526.735,226.74,514.53,46.465,-1,-1,-1
460,152,1430.0,447.0,87.838,199.32,49.627,-1,-1,-1
461,102,1690.29,397.97,123.42,280.06,58.488,-1,-1,-1
461,150,1771.315,401.365,113.37,257.27,59.986,-1,-1,-1
462,102,1688.315,407.365,113.37,257.27,40.34,-1,-1,-1
462,150,1775.315,402.365,113.37,257.27,50.861,-1,-1,-1
463,102,1725.243,486.205,61.514,139.59,56.802,-1,-1,-1
463,150,1794.415,414.935,103.17,234.13,69.653,-1,-1,-1
464,102,1728.243,505.205,61.514,139.59,51.01,-1,-1,-1
464,150,1803.415,415.935,103.17,234.13,77.428,-1,-1,-1
465,102,1690.315,435.365,113.37,257.27,52.012,-1,-1,-1
465,150,1808.415,415.935,103.17,234.13,70.727,-1,-1,-1
466,102,1690.29,417.97,123.42,280.06,41.126,-1,-1,-1
466,150,1817.67,425.595,94.66,214.81,67.022,-1,-1,-1
467,102,1672.315,421.365,113.37,257.27,49.744,-1,-1,-1
467,150,1825.081,434.34000000000003,87.838,199.32,69.1,-1,-1,-1
468,102,1655.315,414.365,113.37,257.27,56.266,-1,-1,-1
468,150,1827.081,434.34000000000003,87.838,199.32,76.791,-1,-1,-1
468,153,1288.0,381.0,123.42,280.06,48.696,-1,-1,-1
468,154,271.0,318.0,226.74,514.53,41.543,-1,-1,-1
469,102,1636.315,409.365,113.37,257.27,56.406,-1,-1,-1
469,150,1828.081,434.34000000000003,87.838,199.32,85.312,-1,-1,-1
469,154,1745.315,403.365,113.37,257.27,46.874,-1,-1,-1
470,102,1622.315,405.365,113.37,257.27,61.806,-1,-1,-1
470,150,1829.081,434.34000000000003,87.838,199.32,98.138,-1,-1,-1
470,154,746.63,303.735,226.74,514.53,42.11,-1,-1,-1
471,102,1613.315,402.365,113.37,257.27,65.429,-1,-1,-1
471,150,1829.081,434.34000000000003,87.838,199.32,83.953,-1,-1,-1
472,102,1608.315,400.365,113.37,257.27,64.654,-1,-1,-1
472,150,1828.081,434.34000000000003,87.838,199.32,78.104,-1,-1,-1
472,155,1671.0,403.0,113.37,257.27,51.739,-1,-1,-1
472,156,305.0,318.0,226.74,514.53,43.297,-1,-1,-1
473,102,1599.315,399.365,113.37,257.27,58.781,-1,-1,-1
473,150,1827.081,434.34000000000003,87.838,199.32,71.653,-1,-1,-1
473,155,1668.29,399.97,123.42,280.06,57.346,-1,-1,-1
473,156,304.63,317.735,226.74,514.53,50.209,-1,-1,-1
473,157,1773.0,415.0,103.17,234.13,48.064,-1,-1,-1
473,158,1474.0,456.0,79.918,181.35,45.003,-1,-1,-1
474,102,1587.315,405.365,113.37,257.27,49.011,-1,-1,-1
474,150,1831.081,434.34000000000003,87.838,199.32,70.572,-1,-1,-1
474,155,1668.29,399.97,123.42,280.06,49.217,-1,-1,-1
474,156,1003.315,405.365,113.37,257.27,41.233,-1,-1,-1
474,157,1773.415,398.935,103.17,234.13,52.349,-1,-1,-1
474,158,1485.068,456.195,73.864,167.61,41.653,-1,-1,-1
475,102,1579.315,404.365,113.37,257.27,51.879,-1,-1,-1
475,150,1834.081,434.34000000000003,87.838,199.32,80.274,-1,-1,-1
475,155,1648.315,405.365,113.37,257.27,48.289,-1,-1,-1
475,156,1335.315,385.365,113.37,257.27,65.161,-1,-1,-1
475,157,1773.67,409.595,94.66,214.81,57.746,-1,-1,-1
475,159,340.0,318.0,226.74,514.53,42.368,-1,-1,-1
476,150,1836.081,434.34000000000003,87.838,199.32,91.866,-1,-1,-1
476,155,1636.315,403.365,113.37,257.27,42.957,-1,-1,-1
476,156,1460.315,377.365,113.37,257.27,67.051,-1,-1,-1
476,157,1771.415,399.935,103.17,234.13,60.057,-1,-1,-1
476,159,339.63,317.735,226.74,514.53,40.649,-1,-1,-1
477,150,1837.081,434.34000000000003,87.838,199.32,83.677,-1,-1,-1
477,155,1621.315,402.365,113.37,257.27,47.034,-1,-1,-1
477,157,1772.415,398.935,103.17,234.13,68.375,-1,-1,-1
477,159,339.63,317.735,226.74,514.53,41.696,-1,-1,-1
477,160,1345.0,399.0,103.17,234.13,45.658,-1,-1,-1
478,150,1838.081,434.34000000000003,87.838,199.32,85.24,-1,-1,-1
478,155,1613.315,401.365,113.37,257.27,70.484,-1,-1,-1
478,157,1772.415,398.935,103.17,234.13,60.724,-1,-1,-1
478,159,1178.315,428.365,113.37,257.27,50.402,-1,-1,-1
478,160,1360.415,398.935,103.17,234.13,46.3,-1,-1,-1
479,150,1838.081,434.34000000000003,87.838,199.32,84.72,-1,-1,-1
479,155,1601.315,401.365,113.37,257.27,79.517,-1,-1,-1
479,157,1772.415,398.935,103.17,234.13,65.233,-1,-1,-1
479,160,1356.315,397.365,113.37,257.27,45.663,-1,-1,-1
480,150,1838.081,434.34000000000003,87.838,199.32,85.275,-1,-1,-1
480,155,1595.315,401.365,113.37,257.27,55.601,-1,-1,-1
480,157,1781.67,409.595,94.66,214.81,60.782,-1,-1,-1
480,160,1372.415,403.935,103.17,234.13,40.507,-1,-1,-1
481,150,1838.081,434.34000000000003,87.838,199.32,90.084,-1,-1,-1
481,155,1592.315,401.365,113.37,257.27,55.552,-1,-1,-1
481,157,1784.67,409.595,94.66,214.81,62.471,-1,-1,-1
482,150,1838.081,434.34000000000003,87.838,199.32,84.793,-1,-1,-1
482,155,1512.415,406.935,103.17,234.13,42.529,-1,-1,-1
482,157,1785.415,399.935,103.17,234.13,58.028,-1,-1,-1
483,150,1838.081,434.34000000000003,87.838,199.32,85.071,-1,-1,-1
483,155,1056.63,284.735,226.74,514.53,40.514,-1,-1,-1
483,157,1794.67,409.595,94.66,214.81,56.984,-1,-1,-1
483,161,1583.0,415.0,103.17,234.13,40.257,-1,-1,-1
484,150,1838.081,434.34000000000003,87.838,199.32,73.534,-1,-1,-1
484,157,1793.67,409.595,94.66,214.81,57.603,-1,-1,-1
485,150,1837.081,434.34000000000003,87.838,199.32,76.045,-1,-1,-1
485,157,1797.67,409.595,94.66,214.81,45.776,-1,-1,-1
485,162,1567.0,415.0,103.17,234.13,49.307,-1,-1,-1
485,163,1535.0,431.0,103.17,234.13,43.631,-1,-1,-1
485,164,445.0,318.0,226.74,514.53,41.634,-1,-1,-1
486,150,1837.081,434.34000000000003,87.838,199.32,72.424,-1,-1,-1
486,157,1793.415,399.935,103.17,234.13,40.779,-1,-1,-1
486,162,1549.315,403.365,113.37,257.27,48.695,-1,-1,-1
486,163,1488.415,430.935,103.17,234.13,61.402,-1,-1,-1
486,164,444.63,317.735,226.74,514.53,45.583,-1,-1,-1
487,150,1837.081,434.34000000000003,87.838,199.32,78.998,-1,-1,-1
487,162,1549.315,403.365,113.37,257.27,57.119,-1,-1,-1
487,163,1498.415,430.935,103.17,234.13,59.198,-1,-1,-1
487,164,444.63,317.735,226.74,514.53,55.214,-1,-1,-1
488,150,1842.041,443.325,79.918,181.35,75.33,-1,-1,-1
488,162,1549.315,403.365,113.37,257.27,44.894,-1,-1,-1
488,164,466.275,327.63,207.45,470.74,49.615,-1,-1,-1
489,150,1842.041,443.325,79.918,181.35,64.927,-1,-1,-1
489,164,472.275,341.63,207.45,470.74,44.181,-1,-1,-1
490,150,1842.041,443.325,79.918,181.35,60.677,-1,-1,-1
490,164,474.63,319.735,226.74,514.53,42.135,-1,-1,-1
491,150,1683.29,395.97,123.42,280.06,43.377,-1,-1,-1
491,164,498.275,332.63,207.45,470.74,42.408,-1,-1,-1
491,165,1535.0,431.0,103.17,234.13,42.828,-1,-1,-1
492,164,506.275,326.63,207.45,470.74,42.49,-1,-1,-1
492,165,1535.415,430.935,103.17,234.13,42.026,-1,-1,-1
492,166,1849.0,434.0,87.838,199.32,46.596,-1,-1,-1
493,164,510.275,336.63,207.45,470.74,52.947,-1,-1,-1
494,164,512.275,343.63,207.45,470.74,47.026,-1,-1,-1
494,167,1860.0,445.0,73.864,167.61,42.548,-1,-1,-1
495,164,513.275,348.63,207.45,470.74,41.736,-1,-1,-1
496,164,1035.67,447.595,94.66,214.81,42.587,-1,-1,-1
496,168,1860.0,445.0,73.864,167.61,40.794,-1,-1,-1
497,168,1809.081,407.34000000000003,87.838,199.32,42.732,-1,-1,-1
498,168,1447.081,433.34000000000003,87.838,199.32,42.692,-1,-1,-1
499,168,1274.041,456.325,79.918,181.35,40.867,-1,-1,-1
499,169,1478.0,400.0,123.42,280.06,42.923,-1,-1,-1
500,168,1216.041,461.325,79.918,181.35,41.965,-1,-1,-1
500,169,1477.29,376.355,135.42,307.29,60.648,-1,-1,-1
500,170,568.0,353.0,207.45,470.74,43.966,-1,-1,-1
501,169,1480.29,396.97,123.42,280.06,45.526,-1,-1,-1
502,169,1478.29,399.97,123.42,280.06,41.392,-1,-1,-1
502,171,1582.0,440.0,94.66,214.81,43.119,-1,-1,-1
502,172,568.0,353.0,207.45,470.74,41.551,-1,-1,-1
503,172,568.275,322.63,207.45,470.74,54.565,-1,-1,-1
504,172,589.275,321.63,207.45,470.74,49.107,-1,-1,-1
505,172,600.275,321.63,207.45,470.74,53.844,-1,-1,-1
506,172,604.275,321.63,207.45,470.74,58.604,-1,-1,-1
506,173,1806.0,521.0,36.723,83.333,42.511,-1,-1,-1
506,174,1592.0,447.0,87.838,199.32,41.039,-1,-1,-1
506,175,1497.0,400.0,123.42,280.06,40.815,-1,-1,-1
507,172,605.275,321.63,207.45,470.74,57.314,-1,-1,-1
508,172,605.275,321.63,207.45,470.74,65.221,-1,-1,-1
508,176,1514.0,403.0,113.37,257.27,43.031,-1,-1,-1
509,172,592.63,308.735,226.74,514.53,53.921,-1,-1,-1
509,176,458.58500000000004,253.70999999999998,270.83,614.58,41.599,-1,-1,-1
509,177,1349.0,440.0,94.66,214.81,54.316,-1,-1,-1
514,178,1377.0,431.0,103.17,234.13,48.037,-1,-1,-1
514,179,1549.0,403.0,113.37,257.27,45.84,-1,-1,-1
514,180,532.0,254.0,270.83,614.58,41.208,-1,-1,-1
514,181,1619.0,434.0,87.838,199.32,40.871,-1,-1,-1
515,179,1549.315,403.365,113.37,257.27,40.117,-1,-1,-1
516,179,870.0,266.345,250.0,567.31,43.429,-1,-1,-1
517,182,1583.0,431.0,103.17,234.13,48.737,-1,-1,-1
518,182,1583.415,430.935,103.17,234.13,44.929,-1,-1,-1
518,183,1361.0,431.0,103.17,234.13,51.403,-1,-1,-1
519,182,1583.415,430.935,103.17,234.13,40.872,-1,-1,-1
519,183,1361.415,430.935,103.17,234.13,54.909,-1,-1,-1
519,184,643.0,275.0,250.0,567.31,45.528,-1,-1,-1
520,184,643.0,275.345,250.0,567.31,44.584,-1,-1,-1
521,184,648.585,253.70999999999998,270.83,614.58,46.252,-1,-1,-1
521,185,1634.0,595.0,30.903,70.127,46.245,-1,-1,-1
522,184,677.0,276.345,250.0,567.31,46.458,-1,-1,-1
522,185,1633.1315,592.7215,33.737,76.557,43.717,-1,-1,-1
522,186,1640.0,425.0,94.66,214.81,40.374,-1,-1,-1
523,184,685.0,275.345,250.0,567.31,46.011,-1,-1,-1
523,186,1602.315,403.365,113.37,257.27,43.709,-1,-1,-1
524,184,696.63,290.735,226.74,514.53,47.842,-1,-1,-1
525,184,714.63,284.735,226.74,514.53,52.497,-1,-1,-1
525,187,1602.0,403.0,113.37,257.27,46.469,-1,-1,-1
525,188,1281.0,447.0,87.838,199.32,40.393,-1,-1,-1
